0 0.184635 0.634722 0.081771 0.050926
1 0.500781 0.48287 0.028646 0.132407
1 0.654948 0.65 0.023438 0.146296
1 0.182812 0.503241 0.079167 0.036111
1 0.278646 0.863889 0.08125 0.046296
1 0.383073 0.410185 0.057812 0.090741
1 0.451562 0.449537 0.070833 0.041667
1 0.307292 0.756944 0.076042 0.058333
1 0.608333 0.033796 0.073958 0.052778
1 0.04375 0.399537 0.061458 0.084259
1 0.502604 0.768519 0.071875 0.090741
1 0.815104 0.481019 0.05625 0.117593
1 0.294531 0.831481 0.074479 0.018519
1 0.767708 0.377778 0.071875 0.07037
1 0.15 0.305093 0.075 0.039815
1 0.346875 0.519444 0.080208 0.037037
1 0.59375 0.839815 0.082292 0.059259
1 0.391406 0.844907 0.069271 0.076852
1 0.513021 0.763889 0.061458 0.094444
