1 0.500781 0.509722 0.022396 0.126852
1 0.508854 0.773148 0.01875 0.142593
1 0.29401 0.736111 0.078646 0.018519
1 0.475 0.225463 0.054167 0.089815
1 0.639323 0.808796 0.038021 0.136111
1 0.432812 0.371296 0.076042 0.055556
1 0.765885 0.186574 0.020313 0.123148
1 0.321615 0.776852 0.064062 0.051852
1 0.701042 0.278704 0.039583 0.109259
1 0.242969 0.427315 0.079687 0.028704
1 0.461198 0.445833 0.058854 0.05463
1 0.497135 0.565278 0.014063 0.087963
1 0.466927 0.15 0.073438 0.027778
1 0.432292 0.822222 0.070833 0.07037
1 0.358854 0.774537 0.064583 0.050926
1 0.24401 0.345833 0.073438 0.036111
1 0.359375 0.146759 0.069792 0.069444
1 0.492448 0.691204 0.023438 0.149074
1 0.258854 0.772685 0.06875 0.076852
