0 0.53724 0.518981 0.031771 0.134259
1 0.442188 0.253704 0.089583 0.05
1 0.345573 0.364352 0.076563 0.030556
1 0.55599 0.661111 0.019271 0.138889
1 0.266146 0.330556 0.067708 0.055556
1 0.296094 0.525 0.081771 0.048148
1 0.36276 0.793981 0.060937 0.089815
1 0.406771 0.770833 0.070833 0.075
1 0.654948 0.745833 0.050521 0.091667
1 0.24375 0.281481 0.053125 0.07037
1 0.373958 0.394444 0.073958 0.035185
1 0.690365 0.678704 0.072396 0.053704
1 0.53776 0.237963 0.067187 0.068519
1 0.52526 0.375926 0.044271 0.116667
0 0.231771 0.723611 0.083333 0.049074
