1 0.596875 0.643519 0.030208 0.12963
1 0.783854 0.667593 0.085417 0.048148
1 0.523698 0.352778 0.081771 0.035185
1 0.538802 0.715278 0.077604 0.036111
1 0.369792 0.697685 0.073958 0.039815
1 0.315885 0.639815 0.033854 0.131481
1 0.452865 0.556019 0.078646 0.056481
1 0.509635 0.305556 0.072396 0.031481
1 0.595573 0.546296 0.034896 0.114815
1 0.599479 0.771759 0.039583 0.130556
1 0.478385 0.699537 0.063021 0.058333
1 0.798958 0.638889 0.079167 0.022222
1 0.776302 0.552778 0.024479 0.12963
1 0.444792 0.713426 0.076042 0.049074
1 0.739323 0.724074 0.083854 0.062963
1 0.618229 0.562963 0.06875 0.077778
1 0.633594 0.762963 0.036979 0.142593
1 0.486719 0.42963 0.061979 0.090741
1 0.615885 0.884722 0.075521 0.041667
