1 0.671354 0.796759 0.076042 0.04537
1 0.261458 0.256019 0.021875 0.130556
1 0.541146 0.288426 0.029167 0.126852
1 0.745313 0.614815 0.088542 0.05
1 0.6 0.759722 0.077083 0.028704
1 0.251563 0.375463 0.076042 0.032407
0 0.563281 0.434722 0.038021 0.121296
1 0.427344 0.725463 0.076563 0.041667
1 0.454167 0.33287 0.078125 0.030556
1 0.530729 0.375463 0.048958 0.097222
1 0.568229 0.807407 0.057292 0.090741
1 0.698438 0.725463 0.045833 0.10463
1 0.500521 0.743519 0.071875 0.051852
1 0.646354 0.748611 0.041667 0.110185
1 0.617708 0.707407 0.065625 0.075926
1 0.338281 0.70463 0.104688 0.062963
1 0.451302 0.19213 0.073438 0.037963
0 0.464323 0.273148 0.074479 0.046296
