0 0.377604 0.854167 0.030208 0.139815
1 0.315625 0.768056 0.071875 0.050926
1 0.531771 0.893519 0.078125 0.040741
1 0.692187 0.120833 0.069792 0.047222
1 0.510938 0.783333 0.019792 0.140741
1 0.535156 0.224074 0.068229 0.042593
1 0.491667 0.426852 0.033333 0.12037
1 0.272656 0.363426 0.074479 0.050926
1 0.497135 0.203241 0.016146 0.117593
1 0.694531 0.180093 0.054688 0.078704
1 0.295312 0.769444 0.072917 0.040741
1 0.49401 0.12963 0.055729 0.083333
1 0.451302 0.490741 0.039062 0.111111
1 0.451562 0.656019 0.045833 0.097222
1 0.208854 0.409722 0.078125 0.04537
1 0.324479 0.816667 0.067708 0.061111
1 0.482292 0.889815 0.072917 0.053704
1 0.350781 0.09537 0.065104 0.074074
1 0.472396 0.589815 0.071875 0.062963
1 0.529167 0.797685 0.044792 0.137963
