1 0.283073 0.328241 0.061979 0.086111
1 0.436979 0.239815 0.027083 0.111111
1 0.484635 0.383333 0.079687 0.031481
1 0.139323 0.866667 0.079687 0.042593
1 0.340625 0.806019 0.070833 0.062037
1 0.241927 0.205093 0.074479 0.037963
1 0.449219 0.16713 0.069271 0.034259
1 0.665365 0.689815 0.078646 0.068519
1 0.476562 0.118981 0.069792 0.047222
1 0.39401 0.164815 0.064062 0.042593
1 0.182292 0.212963 0.015625 0.122222
1 0.516406 0.317593 0.018229 0.122222
1 0.475521 0.268519 0.057292 0.075926
1 0.382812 0.793981 0.084375 0.065741
1 0.514844 0.443981 0.060937 0.087963
1 0.328125 0.455093 0.079167 0.052778
1 0.519271 0.236111 0.0625 0.077778
1 0.769531 0.716667 0.088021 0.059259
1 0.527865 0.552315 0.071354 0.073148
