1 0.513802 0.597222 0.031771 0.133333
1 0.102604 0.3375 0.075 0.052778
1 0.948177 0.417593 0.081771 0.027778
1 0.38099 0.459722 0.081771 0.030556
1 0.515365 0.728704 0.024479 0.138889
1 0.376563 0.791667 0.080208 0.031481
1 0.313542 0.809259 0.072917 0.053704
1 0.430469 0.30463 0.069271 0.064815
1 0.127865 0.439352 0.072396 0.05463
1 0.766406 0.541667 0.066146 0.090741
1 0.461979 0.214815 0.017708 0.12963
1 0.490625 0.612037 0.051042 0.098148
1 0.211458 0.763889 0.069792 0.066667
1 0.40625 0.413426 0.071875 0.039815
1 0.422135 0.37963 0.060937 0.035185
1 0.245052 0.75463 0.068229 0.059259
1 0.145573 0.402778 0.074479 0.027778
0 0.296354 0.613889 0.078125 0.059259
1 0.811979 0.144444 0.077083 0.057407
1 0.676302 0.753241 0.018229 0.147222
