1 0.302344 0.356019 0.073438 0.049074
1 0.26276 0.247685 0.034896 0.125
1 0.5125 0.223611 0.036458 0.106481
1 0.608854 0.638889 0.079167 0.031481
1 0.480729 0.258796 0.06875 0.058333
1 0.204948 0.818056 0.059896 0.091667
1 0.414583 0.402778 0.063542 0.092593
1 0.815104 0.531481 0.04375 0.122222
1 0.539062 0.414352 0.038542 0.123148
1 0.451302 0.182407 0.022396 0.101852
1 0.402604 0.784259 0.091667 0.048148
1 0.553646 0.294444 0.026042 0.124074
1 0.290885 0.607407 0.084896 0.037037
1 0.229948 0.74537 0.067187 0.066667
1 0.679948 0.469907 0.065104 0.076852
1 0.346615 0.273611 0.080729 0.041667
1 0.557813 0.654167 0.025 0.147222
