1 0.440885 0.808796 0.079687 0.050926
1 0.338542 0.776389 0.080208 0.039815
1 0.441927 0.286574 0.069271 0.047222
1 0.221615 0.140278 0.077604 0.036111
1 0.541667 0.31713 0.038542 0.119444
1 0.778385 0.287963 0.020313 0.135185
1 0.457031 0.926389 0.026562 0.14537
1 0.554167 0.784722 0.035417 0.139815
1 0.311719 0.112963 0.038021 0.114815
1 0.10026 0.194907 0.078646 0.028704
1 0.458073 0.1875 0.060937 0.058333
1 0.348698 0.10787 0.064062 0.034259
1 0.194531 0.214352 0.073438 0.028704
1 0.465365 0.27037 0.066146 0.059259
1 0.234375 0.071759 0.054167 0.075
1 0.244531 0.193056 0.014063 0.119444
1 0.136198 0.862037 0.067187 0.092593
1 0.539323 0.15 0.074479 0.033333
0 0.278646 0.22963 0.079167 0.037037
1 0.497135 0.389352 0.078646 0.032407
