0 0.474479 0.764352 0.079167 0.058333
0 0.336979 0.687037 0.072917 0.066667
1 0.263281 0.469444 0.021354 0.131481
1 0.485937 0.336574 0.067708 0.05463
1 0.422396 0.689815 0.082292 0.035185
1 0.599479 0.110185 0.076042 0.037037
1 0.571094 0.889815 0.080729 0.051852
1 0.502865 0.380556 0.076563 0.037037
1 0.534115 0.175926 0.053646 0.1
1 0.440625 0.139352 0.073958 0.05463
1 0.504948 0.213889 0.064062 0.053704
1 0.575781 0.425 0.047396 0.112963
1 0.400781 0.289352 0.064062 0.082407
1 0.503385 0.582407 0.017188 0.131481
1 0.634115 0.815741 0.081771 0.048148
1 0.785677 0.65463 0.071354 0.085185
0 0.541927 0.823611 0.057812 0.113889
1 0.263542 0.320833 0.038542 0.125
