1 0.525 0.233333 0.017708 0.125926
1 0.501302 0.24213 0.025521 0.110185
1 0.76224 0.571296 0.082812 0.035185
1 0.454948 0.381944 0.072396 0.052778
1 0.379688 0.199074 0.051042 0.098148
1 0.378906 0.401389 0.076563 0.032407
1 0.58125 0.839352 0.053125 0.117593
1 0.542969 0.15463 0.043229 0.105556
1 0.499479 0.679167 0.058333 0.086111
1 0.271615 0.410648 0.043229 0.10463
1 0.488542 0.456481 0.072917 0.044444
1 0.347917 0.774537 0.078125 0.050926
1 0.496354 0.472685 0.061458 0.065741
1 0.251823 0.483796 0.072396 0.063889
0 0.454948 0.784722 0.064062 0.106481
1 0.510677 0.804167 0.052604 0.125
1 0.307031 0.798611 0.076563 0.05463
