0 0.353385 0.918519 0.026562 0.135185
0 0.347656 0.849537 0.063021 0.093519
1 0.477083 0.181019 0.03125 0.119444
1 0.295573 0.455093 0.023438 0.126852
1 0.485677 0.836111 0.081771 0.037037
1 0.523698 0.512963 0.020313 0.124074
1 0.555469 0.826389 0.018229 0.141667
1 0.267969 0.36713 0.040104 0.123148
1 0.502865 0.231019 0.026562 0.115741
1 0.31224 0.801852 0.068229 0.05
1 0.545052 0.718519 0.025521 0.12963
1 0.532813 0.920833 0.063542 0.087963
1 0.301042 0.815278 0.066667 0.049074
1 0.623698 0.487037 0.061979 0.098148
1 0.545312 0.115741 0.069792 0.061111
1 0.428125 0.652315 0.072917 0.080556
1 0.663281 0.045833 0.073438 0.034259
1 0.335156 0.067593 0.022396 0.12963
1 0.479948 0.428704 0.071354 0.072222
