0 0.577604 0.578241 0.01875 0.149074
1 0.761458 0.128241 0.030208 0.113889
1 0.432031 0.728704 0.079687 0.031481
1 0.540104 0.172685 0.028125 0.123148
1 0.377344 0.281944 0.074479 0.049074
1 0.435937 0.315741 0.075 0.059259
1 0.359896 0.731944 0.072917 0.060185
1 0.483333 0.757407 0.0875 0.068519
1 0.770052 0.375463 0.081771 0.058333
1 0.329167 0.119907 0.071875 0.039815
1 0.450781 0.185648 0.068229 0.039815
1 0.695573 0.209259 0.059896 0.07963
1 0.282552 0.150926 0.054688 0.074074
1 0.420312 0.166667 0.019792 0.107407
1 0.265885 0.410185 0.015104 0.133333
1 0.284896 0.377778 0.034375 0.124074
1 0.46224 0.158796 0.065104 0.049074
1 0.507552 0.162963 0.061979 0.035185
