1 0.573438 0.317593 0.032292 0.12963
1 0.417448 0.718056 0.103646 0.032407
1 0.327344 0.313426 0.076563 0.050926
1 0.519271 0.741667 0.078125 0.027778
1 0.530208 0.403241 0.026042 0.117593
1 0.657552 0.577778 0.081771 0.037037
1 0.495573 0.511574 0.075521 0.04537
1 0.535937 0.841667 0.021875 0.12963
1 0.557292 0.451389 0.038542 0.117593
1 0.586198 0.614352 0.033854 0.128704
1 0.46901 0.798611 0.058854 0.089815
1 0.642188 0.841667 0.066667 0.072222
1 0.511979 0.614352 0.032292 0.089815
1 0.526042 0.54537 0.079167 0.024074
1 0.570573 0.743056 0.059896 0.076852
1 0.503906 0.691204 0.013021 0.069444
1 0.72474 0.493056 0.074479 0.05463
1 0.532292 0.647222 0.027083 0.12963
1 0.638802 0.717593 0.022396 0.146296
1 0.439323 0.718981 0.070312 0.026852
