0 0.480469 0.841667 0.085938 0.055556
0 0.861979 0.571759 0.032292 0.141667
1 0.548438 0.571296 0.033333 0.127778
1 0.856771 0.389815 0.029167 0.131481
1 0.529687 0.368981 0.030208 0.119444
1 0.381771 0.153241 0.079167 0.030556
1 0.354948 0.446759 0.082812 0.028704
1 0.555208 0.139352 0.073958 0.043519
1 0.511458 0.40463 0.05 0.092593
1 0.563281 0.279167 0.047396 0.09537
1 0.526042 0.586574 0.047917 0.110185
1 0.724479 0.481944 0.075 0.071296
1 0.536458 0.071759 0.044792 0.102778
1 0.343229 0.760648 0.079167 0.069444
1 0.51901 0.219444 0.058854 0.074074
1 0.496875 0.2125 0.059375 0.069444
1 0.686979 0.723148 0.078125 0.061111
1 0.248177 0.571296 0.068229 0.07963
1 0.414062 0.488889 0.078125 0.040741
