0 0.767708 0.583796 0.022917 0.141667
1 0.438281 0.760185 0.083854 0.042593
1 0.554167 0.677315 0.021875 0.147222
1 0.539323 0.491667 0.019271 0.133333
1 0.651563 0.60787 0.080208 0.028704
1 0.28125 0.350463 0.05625 0.091667
1 0.239062 0.452315 0.077083 0.04537
1 0.26276 0.060648 0.060937 0.067593
1 0.698698 0.5875 0.044271 0.128704
1 0.476823 0.285648 0.058854 0.082407
1 0.497396 0.458333 0.071875 0.068519
1 0.494792 0.836111 0.04375 0.125926
1 0.466146 0.378704 0.04375 0.101852
1 0.541146 0.764352 0.065625 0.084259
1 0.615104 0.190741 0.069792 0.031481
1 0.309115 0.793981 0.082812 0.052778
1 0.561198 0.241204 0.067187 0.058333
1 0.236719 0.115278 0.058854 0.073148
1 0.323698 0.525926 0.018229 0.144444
