0 0.58724 0.661111 0.021354 0.133333
1 0.578906 0.520833 0.018229 0.132407
1 0.838802 0.507407 0.073438 0.07037
1 0.270052 0.548611 0.078646 0.036111
1 0.355208 0.371296 0.080208 0.040741
1 0.348177 0.652315 0.079687 0.04537
1 0.50651 0.705556 0.036979 0.142593
1 0.471875 0.585648 0.075 0.036111
1 0.404948 0.635648 0.065104 0.04537
1 0.399219 0.706481 0.067187 0.092593
1 0.273177 0.510185 0.063021 0.064815
1 0.914062 0.372685 0.083333 0.069444
1 0.521875 0.494444 0.08125 0.053704
1 0.439844 0.563889 0.081771 0.033333
1 0.789323 0.556944 0.083854 0.060185
0 0.315885 0.490741 0.060937 0.07963
1 0.40599 0.666204 0.063021 0.012037
1 0.375 0.5 0.077083 0.035185
1 0.832031 0.477315 0.075521 0.069444
1 0.600781 0.571296 0.035937 0.124074
