0 0.513802 0.312037 0.021354 0.133333
0 0.566146 0.769907 0.021875 0.14537
1 0.557031 0.47037 0.033854 0.12037
1 0.4125 0.70463 0.023958 0.137037
1 0.446094 0.530093 0.078646 0.041667
1 0.424479 0.631019 0.035417 0.113889
1 0.701823 0.684722 0.049479 0.110185
1 0.463281 0.701852 0.041146 0.116667
1 0.502083 0.712037 0.065625 0.057407
1 0.452865 0.441204 0.049479 0.100926
1 0.528125 0.480093 0.065625 0.067593
1 0.535417 0.605093 0.048958 0.097222
1 0.589063 0.574074 0.058333 0.083333
1 0.607292 0.816667 0.057292 0.074074
1 0.664583 0.561574 0.059375 0.112037
1 0.622656 0.863889 0.079687 0.035185
1 0.435417 0.510648 0.021875 0.110185
1 0.539583 0.684722 0.064583 0.056481
