1 0.432292 0.103704 0.079167 0.040741
1 0.253906 0.939352 0.081771 0.04537
1 0.265365 0.43287 0.079687 0.034259
1 0.234896 0.302315 0.070833 0.049074
1 0.721094 0.177778 0.039062 0.118519
1 0.546615 0.227778 0.065104 0.061111
1 0.578906 0.061574 0.036979 0.106481
1 0.511458 0.753241 0.073958 0.062037
1 0.426042 0.761574 0.080208 0.030556
1 0.569271 0.375463 0.073958 0.060185
1 0.242708 0.351389 0.067708 0.067593
1 0.578906 0.13287 0.061979 0.071296
1 0.726823 0.761574 0.067187 0.082407
1 0.457292 0.768981 0.06875 0.026852
0 0.315365 0.253704 0.071354 0.05
1 0.50625 0.422222 0.059375 0.090741
1 0.290365 0.21713 0.054688 0.089815
1 0.554427 0.283796 0.074479 0.039815
1 0.60625 0.485185 0.047917 0.118519
