0 0.421354 0.848148 0.083333 0.042593
1 0.311458 0.385648 0.079167 0.037963
1 0.360677 0.772685 0.081771 0.047222
1 0.324479 0.099074 0.072917 0.048148
1 0.429688 0.138889 0.064583 0.066667
1 0.247917 0.887037 0.032292 0.137037
1 0.561719 0.391667 0.069271 0.064815
1 0.510156 0.447222 0.058854 0.081481
1 0.508333 0.182407 0.071875 0.022222
1 0.321615 0.355093 0.070312 0.039815
1 0.543229 0.670833 0.019792 0.139815
1 0.485156 0.23287 0.049479 0.084259
1 0.445833 0.366667 0.075 0.042593
1 0.482031 0.449074 0.058854 0.075926
1 0.51224 0.311111 0.075521 0.040741
1 0.545312 0.263426 0.022917 0.097222
0 0.385417 0.487037 0.033333 0.135185
1 0.519531 0.24537 0.049479 0.092593
