0 0.461198 0.771759 0.085938 0.037963
1 0.48099 0.377315 0.069271 0.047222
1 0.530729 0.145833 0.026042 0.113889
1 0.761458 0.547685 0.083333 0.036111
1 0.353385 0.741204 0.072396 0.041667
1 0.322656 0.145833 0.036979 0.115741
1 0.482292 0.522222 0.076042 0.02963
1 0.501823 0.066667 0.033854 0.111111
1 0.38125 0.3875 0.078125 0.043519
1 0.253646 0.459722 0.06875 0.062037
1 0.45625 0.331481 0.061458 0.083333
1 0.50026 0.201389 0.070312 0.030556
1 0.61224 0.840741 0.075521 0.074074
1 0.296875 0.716667 0.042708 0.027778
1 0.545312 0.760648 0.03125 0.134259
1 0.286198 0.402315 0.067187 0.062037
1 0.502604 0.415741 0.044792 0.094444
1 0.316146 0.752778 0.06875 0.05
0 0.530729 0.773611 0.032292 0.132407
