0 0.841406 0.37963 0.081771 0.038889
1 0.635938 0.601852 0.075 0.042593
1 0.404427 0.493519 0.072396 0.037037
1 0.358333 0.664815 0.077083 0.055556
1 0.308073 0.644444 0.036979 0.12963
1 0.417969 0.548148 0.071354 0.037037
1 0.529427 0.495833 0.013021 0.126852
1 0.651302 0.551389 0.069271 0.041667
1 0.960156 0.575 0.066146 0.092593
1 0.517969 0.578241 0.050521 0.09537
1 0.442708 0.48287 0.057292 0.047222
1 0.56849 0.538426 0.064062 0.060185
1 0.592969 0.621759 0.064062 0.037963
1 0.49375 0.506019 0.065625 0.034259
1 0.784375 0.478704 0.073958 0.074074
1 0.555469 0.634259 0.036979 0.085185
1 0.366406 0.516667 0.049479 0.105556
1 0.725 0.509259 0.075 0.040741
