1 0.388021 0.313889 0.073958 0.027778
1 0.503906 0.230556 0.074479 0.042593
1 0.86875 0.151389 0.01875 0.121296
1 0.444271 0.340278 0.075 0.04537
1 0.542188 0.090741 0.072917 0.038889
1 0.12526 0.785185 0.075521 0.051852
1 0.282292 0.165278 0.047917 0.097222
1 0.236719 0.239815 0.074479 0.031481
1 0.540885 0.683796 0.041146 0.128704
1 0.457292 0.071759 0.057292 0.058333
1 0.523177 0.155093 0.056771 0.075
1 0.563281 0.165278 0.034896 0.10463
1 0.396094 0.839352 0.016146 0.14537
0 0.313021 0.20463 0.036458 0.1
1 0.45651 0.1375 0.014063 0.106481
1 0.490104 0.164352 0.053125 0.067593
1 0.358854 0.702778 0.133333 0.109259
1 0.291406 0.294907 0.014063 0.123148
1 0.323437 0.680093 0.063542 0.065741
1 0.380729 0.726852 0.09375 0.061111
1 0.266146 0.313426 0.069792 0.043519
