0 0.364323 0.747222 0.079687 0.035185
0 0.353385 0.775 0.061979 0.044444
1 0.502344 0.205556 0.073438 0.044444
1 0.495052 0.609259 0.072396 0.051852
1 0.764062 0.188889 0.048958 0.090741
1 0.502344 0.429167 0.066146 0.050926
1 0.305208 0.343981 0.072917 0.04537
1 0.507031 0.790278 0.064062 0.089815
1 0.279948 0.392593 0.079687 0.031481
1 0.699479 0.224537 0.069792 0.056481
1 0.515104 0.501852 0.057292 0.085185
1 0.569792 0.786111 0.053125 0.112963
1 0.633594 0.841667 0.039062 0.127778
1 0.416667 0.762037 0.048958 0.107407
1 0.486979 0.279167 0.0625 0.065741
1 0.318229 0.778704 0.071875 0.074074
1 0.369531 0.138889 0.055729 0.090741
1 0.494792 0.59213 0.063542 0.09537
