0 0.433854 0.764352 0.063542 0.09537
1 0.559635 0.060648 0.073438 0.043519
1 0.499219 0.575926 0.023438 0.131481
1 0.578125 0.936574 0.085417 0.036111
1 0.321875 0.69537 0.066667 0.055556
1 0.283594 0.433796 0.035937 0.128704
1 0.594271 0.806481 0.084375 0.053704
0 0.484375 0.689815 0.077083 0.061111
1 0.402604 0.113889 0.073958 0.051852
1 0.359635 0.679167 0.068229 0.050926
1 0.479167 0.352315 0.076042 0.026852
1 0.483594 0.287037 0.075521 0.025926
1 0.309896 0.656944 0.041667 0.032407
1 0.498437 0.158333 0.035417 0.107407
1 0.745313 0.519444 0.057292 0.096296
1 0.390104 0.332407 0.073958 0.05
1 0.522135 0.401852 0.024479 0.125926
1 0.259375 0.305556 0.028125 0.135185
1 0.496615 0.162963 0.061979 0.062963
