0 0.545052 0.52963 0.016146 0.140741
0 0.307292 0.540278 0.08125 0.043519
1 0.242448 0.339815 0.075521 0.037037
1 0.284896 0.373611 0.073958 0.043519
1 0.536719 0.144444 0.018229 0.122222
1 0.458333 0.241667 0.071875 0.048148
1 0.360677 0.812963 0.026562 0.144444
1 0.563281 0.658333 0.028646 0.133333
1 0.454948 0.301852 0.071354 0.025926
1 0.335156 0.436574 0.067187 0.067593
1 0.80599 0.695833 0.060937 0.113889
1 0.401302 0.767593 0.075521 0.057407
1 0.739323 0.617593 0.019271 0.144444
1 0.748177 0.385648 0.060937 0.093519
1 0.415625 0.416667 0.076042 0.042593
1 0.498958 0.361111 0.072917 0.055556
1 0.632031 0.086574 0.048438 0.097222
1 0.264323 0.730093 0.088021 0.043519
