1 0.528385 0.496296 0.075521 0.044444
1 0.363542 0.297685 0.066667 0.078704
1 0.413542 0.654167 0.075 0.069444
1 0.497396 0.740278 0.071875 0.076852
1 0.530208 0.440741 0.069792 0.064815
1 0.532552 0.808333 0.034896 0.12037
1 0.559635 0.799074 0.051562 0.111111
1 0.620833 0.700463 0.054167 0.113889
1 0.517969 0.436111 0.040104 0.103704
1 0.439062 0.333796 0.051042 0.108333
1 0.704167 0.463889 0.047917 0.111111
1 0.411979 0.497222 0.020833 0.140741
1 0.489323 0.627778 0.034896 0.125926
1 0.63151 0.819907 0.048438 0.137963
1 0.35 0.626389 0.019792 0.128704
1 0.364063 0.697222 0.020833 0.148148
1 0.68776 0.621759 0.031771 0.143519
1 0.523177 0.608796 0.024479 0.126852
1 0.539062 0.580556 0.013542 0.131481
1 0.53724 0.700926 0.015104 0.109259
