1 0.441667 0.778704 0.08125 0.025926
1 0.527083 0.81713 0.076042 0.030556
1 0.558073 0.639352 0.025521 0.121296
1 0.722135 0.699537 0.019271 0.14537
1 0.405469 0.101389 0.069271 0.060185
1 0.542188 0.776389 0.076042 0.04537
1 0.239323 0.692593 0.041146 0.133333
1 0.411458 0.824537 0.047917 0.09537
1 0.404948 0.750463 0.060937 0.062037
1 0.824219 0.59537 0.079687 0.118519
1 0.546094 0.492593 0.068229 0.090741
1 0.256771 0.213426 0.071875 0.05463
1 0.504948 0.649537 0.041146 0.126852
1 0.545833 0.712037 0.076042 0.055556
1 0.339583 0.754167 0.073958 0.052778
1 0.777865 0.574074 0.076563 0.044444
0 0.377344 0.466667 0.066146 0.090741
