0 0.467969 0.8125 0.083854 0.049074
1 0.482552 0.349537 0.069271 0.052778
1 0.777344 0.593056 0.084896 0.041667
1 0.498958 0.555556 0.077083 0.033333
1 0.521875 0.291204 0.067708 0.049074
1 0.507031 0.396296 0.056771 0.074074
1 0.346354 0.165741 0.058333 0.088889
1 0.609896 0.867593 0.073958 0.075926
1 0.404948 0.433333 0.073438 0.062963
1 0.367188 0.75787 0.075 0.041667
1 0.310937 0.408796 0.077083 0.047222
1 0.260417 0.430093 0.071875 0.050926
0 0.545312 0.803704 0.013542 0.148148
1 0.570312 0.09537 0.030208 0.101852
1 0.563802 0.800463 0.033854 0.121296
1 0.328646 0.762963 0.06875 0.051852
1 0.311198 0.725926 0.052604 0.033333
1 0.346875 0.755093 0.098958 0.05463
1 0.532552 0.437963 0.060937 0.077778
1 0.561719 0.168519 0.010937 0.116667
