1 0.816667 0.221759 0.057292 0.093519
1 0.520052 0.371759 0.035937 0.121296
1 0.59401 0.403241 0.083854 0.04537
1 0.435156 0.778704 0.059896 0.098148
1 0.500781 0.476852 0.083854 0.038889
0 0.329167 0.413889 0.072917 0.066667
1 0.563021 0.648148 0.017708 0.122222
1 0.480729 0.265741 0.075 0.068519
1 0.447917 0.425 0.057292 0.066667
1 0.550781 0.574074 0.067187 0.07963
1 0.390365 0.785185 0.068229 0.077778
1 0.510677 0.851852 0.077604 0.061111
1 0.272396 0.493519 0.046875 0.118519
1 0.35026 0.296296 0.057812 0.101852
1 0.382552 0.429167 0.075521 0.032407
1 0.741927 0.124074 0.027604 0.125926
1 0.495312 0.748148 0.048958 0.122222
1 0.445052 0.123611 0.043229 0.115741
1 0.628125 0.385648 0.026042 0.134259
1 0.404427 0.412037 0.067187 0.035185
