1 0.497396 0.848611 0.080208 0.056481
1 0.770573 0.187963 0.024479 0.122222
1 0.545312 0.684722 0.025 0.126852
1 0.365104 0.458333 0.08125 0.031481
1 0.258073 0.546296 0.056771 0.103704
1 0.408594 0.416204 0.066146 0.05463
1 0.394271 0.80787 0.065625 0.073148
1 0.477344 0.187963 0.082812 0.096296
1 0.501563 0.190278 0.039583 0.110185
1 0.485156 0.451389 0.039062 0.106481
1 0.288542 0.22037 0.048958 0.109259
1 0.554427 0.359259 0.029687 0.12963
1 0.529948 0.617593 0.071354 0.081481
1 0.330208 0.39213 0.065625 0.100926
1 0.48724 0.346296 0.058854 0.092593
1 0.441667 0.813889 0.0375 0.12963
1 0.508333 0.5 0.036458 0.125926
1 0.746354 0.161574 0.027083 0.121296
1 0.403385 0.774074 0.050521 0.088889
1 0.452083 0.445833 0.048958 0.080556
