1 0.511979 0.447222 0.076042 0.042593
1 0.557292 0.552778 0.08125 0.035185
1 0.33776 0.489815 0.081771 0.038889
1 0.298958 0.453241 0.070833 0.05463
1 0.541406 0.517593 0.080729 0.046296
1 0.372917 0.87037 0.073958 0.068519
1 0.690625 0.843519 0.064583 0.103704
1 0.542448 0.373611 0.045312 0.097222
1 0.489063 0.246296 0.070833 0.044444
1 0.49349 0.268981 0.060937 0.086111
1 0.801042 0.5 0.070833 0.088889
1 0.53724 0.734722 0.051562 0.113889
1 0.427604 0.237037 0.055208 0.075926
1 0.560417 0.380093 0.019792 0.113889
1 0.278906 0.20787 0.026562 0.130556
1 0.548958 0.124074 0.045833 0.112963
1 0.326823 0.121296 0.043229 0.118519
1 0.528646 0.301389 0.042708 0.080556
1 0.409635 0.85787 0.099479 0.073148
