1 0.54349 0.291667 0.025521 0.118519
1 0.559375 0.180093 0.075 0.050926
1 0.570052 0.112963 0.075521 0.044444
1 0.521875 0.454167 0.075 0.071296
1 0.397656 0.715278 0.072396 0.056481
1 0.32474 0.706481 0.068229 0.075926
1 0.472656 0.834722 0.068229 0.089815
0 0.410677 0.793056 0.025521 0.130556
0 0.389844 0.80463 0.017188 0.135185
1 0.711719 0.771296 0.058854 0.092593
1 0.478125 0.668056 0.017708 0.137963
1 0.273698 0.394444 0.048438 0.112963
1 0.713021 0.110185 0.071875 0.051852
1 0.297656 0.043981 0.067187 0.069444
1 0.546094 0.3875 0.023438 0.119444
1 0.251823 0.2375 0.053646 0.115741
1 0.511198 0.34537 0.051562 0.088889
1 0.541146 0.886111 0.028125 0.148148
1 0.669792 0.789815 0.067708 0.051852
