1 0.458594 0.800463 0.077604 0.05463
0 0.329688 0.468981 0.025 0.132407
0 0.372396 0.415278 0.035417 0.119444
1 0.517969 0.168056 0.075521 0.043519
1 0.47526 0.238889 0.073438 0.051852
1 0.367448 0.326389 0.070312 0.052778
1 0.595313 0.174074 0.065625 0.061111
1 0.552604 0.82037 0.036458 0.125926
1 0.603906 0.598148 0.023438 0.175926
1 0.69974 0.120833 0.038021 0.112037
1 0.567187 0.195833 0.040625 0.106481
1 0.433333 0.274074 0.070833 0.064815
1 0.80026 0.479167 0.060937 0.102778
1 0.327344 0.248611 0.056771 0.086111
1 0.372917 0.725463 0.079167 0.067593
1 0.588281 0.47037 0.021354 0.127778
1 0.36849 0.201852 0.048438 0.092593
1 0.53125 0.830556 0.039583 0.112963
