0 0.405208 0.852315 0.084375 0.089815
1 0.284375 0.261111 0.027083 0.12963
1 0.578646 0.831944 0.019792 0.125
1 0.64974 0.056019 0.078646 0.028704
1 0.715365 0.13287 0.065104 0.062037
1 0.421875 0.118519 0.036458 0.12037
1 0.486458 0.490741 0.065625 0.061111
1 0.510156 0.246296 0.080729 0.048148
1 0.563542 0.79213 0.053125 0.106481
1 0.472135 0.178704 0.065104 0.044444
1 0.341406 0.40463 0.070312 0.072222
1 0.554688 0.531481 0.064583 0.074074
1 0.496615 0.638889 0.061979 0.109259
1 0.534635 0.241667 0.086979 0.033333
1 0.516927 0.890278 0.068229 0.087963
1 0.307031 0.614352 0.053646 0.108333
1 0.347917 0.505556 0.073958 0.059259
