1 0.534115 0.407407 0.027604 0.131481
1 0.478125 0.347685 0.067708 0.039815
1 0.316667 0.683796 0.092708 0.041667
1 0.417708 0.70463 0.079167 0.035185
1 0.638281 0.853704 0.080729 0.046296
1 0.663281 0.708796 0.080729 0.047222
1 0.239323 0.246759 0.036979 0.125
1 0.558854 0.880093 0.078125 0.030556
1 0.473438 0.752778 0.076042 0.038889
1 0.25026 0.375463 0.072396 0.05463
1 0.476302 0.299074 0.072396 0.025926
1 0.701823 0.747685 0.040104 0.115741
1 0.618229 0.175 0.072917 0.040741
1 0.6 0.655093 0.066667 0.091667
1 0.473698 0.390741 0.077604 0.031481
1 0.546615 0.344907 0.051562 0.089815
1 0.533333 0.653704 0.032292 0.140741
1 0.647656 0.778704 0.079687 0.037037
