0 0.303125 0.625 0.084375 0.042593
1 0.534115 0.4375 0.026562 0.134259
1 0.34375 0.275 0.077083 0.038889
1 0.409375 0.787963 0.076042 0.042593
1 0.303125 0.374074 0.072917 0.042593
1 0.598698 0.493519 0.078646 0.038889
1 0.545833 0.655093 0.029167 0.134259
1 0.575521 0.637963 0.034375 0.135185
1 0.304167 0.327778 0.070833 0.042593
1 0.490625 0.181481 0.044792 0.090741
1 0.440625 0.756944 0.067708 0.069444
1 0.4875 0.264815 0.065625 0.066667
1 0.440625 0.168519 0.040625 0.096296
1 0.244792 0.772222 0.06875 0.064815
1 0.215625 0.823148 0.066667 0.092593
1 0.809115 0.44213 0.029687 0.139815
1 0.428646 0.444444 0.079167 0.040741
1 0.617969 0.2375 0.070312 0.056481
1 0.230729 0.804167 0.094792 0.126852
1 0.503385 0.245833 0.035937 0.075
