1 0.593229 0.702778 0.034375 0.125926
1 0.39349 0.813889 0.076563 0.055556
1 0.623958 0.726389 0.077083 0.050926
1 0.372656 0.44537 0.072396 0.05
1 0.386198 0.509259 0.074479 0.053704
1 0.375781 0.206944 0.075521 0.036111
1 0.740104 0.333796 0.055208 0.112037
1 0.455208 0.880093 0.079167 0.050926
1 0.520312 0.442593 0.076042 0.025926
1 0.623177 0.286574 0.034896 0.115741
1 0.552604 0.492593 0.073958 0.053704
1 0.282813 0.406481 0.072917 0.057407
1 0.453646 0.078704 0.067708 0.061111
1 0.526302 0.254167 0.046354 0.115741
1 0.383854 0.129167 0.019792 0.112037
1 0.241927 0.87963 0.100521 0.146296
0 0.294792 0.665741 0.06875 0.109259
1 0.317448 0.239352 0.077604 0.034259
