1 0.213542 0.24213 0.071875 0.04537
1 0.725 0.610185 0.086458 0.02963
1 0.160677 0.877778 0.078646 0.042593
1 0.41224 0.24537 0.018229 0.122222
1 0.395313 0.135648 0.023958 0.117593
1 0.485677 0.190278 0.070312 0.05463
1 0.459896 0.289815 0.066667 0.057407
1 0.510677 0.139352 0.063021 0.049074
1 0.54401 0.260648 0.020313 0.115741
1 0.532292 0.218056 0.022917 0.112037
1 0.11901 0.278241 0.055729 0.080556
1 0.482292 0.303241 0.051042 0.076852
1 0.49349 0.384722 0.067187 0.075
1 0.673698 0.472222 0.079687 0.037037
1 0.338281 0.438426 0.081771 0.030556
1 0.400521 0.788426 0.076042 0.067593
0 0.242708 0.291204 0.055208 0.089815
1 0.51875 0.532407 0.078125 0.040741
1 0.346875 0.769444 0.064583 0.072222
