0 0.481771 0.85787 0.028125 0.149074
0 0.266667 0.67963 0.090625 0.064815
1 0.577344 0.855556 0.083854 0.035185
1 0.478385 0.317593 0.031771 0.12037
1 0.553646 0.189815 0.053125 0.098148
1 0.439323 0.755556 0.074479 0.038889
1 0.463802 0.210648 0.051562 0.080556
1 0.666406 0.309722 0.040104 0.113889
1 0.208594 0.506019 0.045312 0.108333
1 0.422656 0.188426 0.057812 0.05463
1 0.504167 0.293056 0.058333 0.067593
1 0.466667 0.227778 0.04375 0.044444
1 0.384375 0.734722 0.063542 0.100926
1 0.500781 0.913426 0.013021 0.136111
1 0.682031 0.652778 0.075521 0.062963
1 0.305208 0.406019 0.079167 0.056481
1 0.203385 0.319907 0.049479 0.115741
