1 0.528385 0.332407 0.027604 0.12963
1 0.480469 0.216667 0.075521 0.055556
1 0.263281 0.354167 0.075521 0.049074
1 0.30651 0.241667 0.022396 0.127778
1 0.567187 0.661574 0.03125 0.130556
1 0.452865 0.350463 0.076563 0.036111
1 0.576302 0.585648 0.071354 0.073148
1 0.390104 0.407407 0.058333 0.07963
1 0.558073 0.285648 0.015104 0.126852
1 0.786458 0.508796 0.061458 0.087963
1 0.235677 0.761574 0.101562 0.076852
1 0.397135 0.764815 0.089063 0.033333
1 0.457552 0.233333 0.036979 0.103704
1 0.389062 0.778704 0.067708 0.053704
1 0.764583 0.593981 0.066667 0.097222
1 0.659115 0.747222 0.072396 0.075926
0 0.30625 0.531019 0.079167 0.05463
1 0.348177 0.381481 0.076563 0.037037
