0 0.408333 0.798148 0.083333 0.031481
1 0.441406 0.156019 0.026562 0.113889
1 0.473177 0.382407 0.070312 0.040741
1 0.554948 0.314815 0.072396 0.057407
1 0.554948 0.18287 0.072396 0.060185
1 0.561719 0.714352 0.017188 0.143519
1 0.158854 0.7875 0.080208 0.052778
1 0.48125 0.34537 0.066667 0.038889
1 0.390104 0.20463 0.036458 0.101852
1 0.361198 0.237963 0.033854 0.107407
1 0.211979 0.77037 0.048958 0.112963
1 0.555729 0.555556 0.06875 0.087037
1 0.522135 0.372222 0.039062 0.103704
1 0.281771 0.418056 0.059375 0.10463
1 0.411719 0.256944 0.032813 0.102778
1 0.489323 0.432407 0.074479 0.040741
0 0.309635 0.593056 0.053646 0.123148
1 0.288802 0.440741 0.056771 0.096296
