1 0.500521 0.205556 0.078125 0.038889
1 0.43776 0.351852 0.074479 0.027778
1 0.515885 0.639352 0.025521 0.141667
1 0.454687 0.319444 0.073958 0.044444
1 0.471615 0.150926 0.065104 0.055556
1 0.438802 0.82963 0.063021 0.02037
1 0.16849 0.821296 0.054688 0.109259
1 0.385937 0.849074 0.078125 0.024074
1 0.392188 0.81713 0.077083 0.043519
1 0.44401 0.206019 0.043229 0.097222
1 0.311719 0.356019 0.069271 0.034259
1 0.246875 0.072685 0.064583 0.063889
1 0.485677 0.255093 0.035937 0.100926
1 0.54401 0.250463 0.071354 0.028704
1 0.477344 0.423148 0.044271 0.094444
1 0.501823 0.434722 0.039062 0.163889
1 0.386719 0.399537 0.065104 0.071296
1 0.307292 0.3875 0.078125 0.036111
