0 0.351562 0.862963 0.082292 0.074074
1 0.596094 0.835648 0.029687 0.147222
1 0.20026 0.296759 0.027604 0.123148
1 0.629167 0.0375 0.065625 0.047222
1 0.460938 0.890278 0.063542 0.09537
1 0.588802 0.025463 0.075521 0.028704
1 0.49375 0.521759 0.06875 0.065741
1 0.423177 0.497222 0.063021 0.062963
1 0.342448 0.126852 0.052604 0.094444
1 0.522917 0.818981 0.051042 0.117593
1 0.270052 0.414815 0.069271 0.068519
1 0.470312 0.239352 0.092708 0.04537
1 0.403385 0.188889 0.060937 0.059259
1 0.442708 0.494907 0.033333 0.056481
1 0.43776 0.639352 0.065104 0.093519
1 0.252865 0.613426 0.066146 0.084259
0 0.286458 0.490741 0.072917 0.051852
