0 0.711719 0.301852 0.083854 0.035185
1 0.51901 0.476852 0.052604 0.1
1 0.626563 0.238426 0.029167 0.106481
1 0.40625 0.436111 0.054167 0.094444
1 0.522135 0.702778 0.082812 0.037037
1 0.555469 0.152778 0.071354 0.035185
1 0.541927 0.347222 0.046354 0.103704
1 0.39401 0.291204 0.022396 0.119444
1 0.725 0.562037 0.040625 0.12037
1 0.336979 0.469907 0.078125 0.028704
1 0.409375 0.536111 0.017708 0.138889
1 0.616406 0.341204 0.049479 0.089815
1 0.545052 0.236111 0.072396 0.051852
1 0.629167 0.14537 0.046875 0.096296
1 0.35026 0.6 0.050521 0.124074
1 0.635156 0.466667 0.115104 0.05
1 0.460938 0.625 0.072917 0.072222
1 0.557031 0.447222 0.022396 0.122222
1 0.432552 0.244907 0.058854 0.091667
