0 0.803646 0.47037 0.046875 0.116667
1 0.480729 0.101852 0.069792 0.044444
1 0.447135 0.756019 0.080729 0.036111
1 0.529167 0.765278 0.060417 0.09537
1 0.38724 0.47037 0.041146 0.124074
1 0.454948 0.250926 0.046354 0.1
1 0.258073 0.55787 0.061979 0.091667
1 0.286198 0.640741 0.047396 0.114815
1 0.573958 0.473148 0.071875 0.07037
1 0.695052 0.258796 0.039062 0.115741
1 0.505729 0.310185 0.0375 0.109259
1 0.538542 0.301852 0.015625 0.12037
1 0.473177 0.388426 0.080729 0.026852
1 0.492448 0.400926 0.065104 0.051852
1 0.510938 0.456481 0.060417 0.066667
1 0.463021 0.765278 0.078125 0.047222
1 0.324479 0.26713 0.036458 0.123148
1 0.719531 0.587963 0.071354 0.07963
1 0.534375 0.136574 0.028125 0.125
