1 0.435677 0.711111 0.073438 0.048148
1 0.567187 0.432407 0.025 0.12963
1 0.714844 0.566667 0.076563 0.046296
1 0.698177 0.666667 0.048438 0.103704
1 0.391927 0.353241 0.068229 0.063889
1 0.573958 0.586574 0.01875 0.136111
1 0.408854 0.72037 0.065625 0.062963
1 0.265625 0.330556 0.073958 0.046296
1 0.27526 0.224537 0.039062 0.113889
1 0.457292 0.30463 0.073958 0.044444
1 0.529427 0.18287 0.058854 0.076852
1 0.43125 0.225926 0.039583 0.098148
1 0.461458 0.202315 0.065625 0.036111
1 0.260417 0.705556 0.089583 0.066667
1 0.316146 0.501852 0.079167 0.057407
1 0.35599 0.339352 0.075521 0.034259
1 0.534896 0.314815 0.045833 0.107407
1 0.708333 0.397222 0.026042 0.140741
