0 0.307292 0.41713 0.071875 0.065741
1 0.50599 0.802778 0.078646 0.035185
1 0.608333 0.67963 0.0375 0.142593
1 0.366406 0.757407 0.081771 0.027778
1 0.596875 0.52037 0.030208 0.148148
1 0.378646 0.391204 0.067708 0.058333
1 0.220052 0.372685 0.077604 0.030556
1 0.491927 0.405093 0.079687 0.047222
1 0.41849 0.185648 0.057812 0.089815
1 0.253385 0.344444 0.070312 0.051852
1 0.405729 0.7875 0.078125 0.026852
1 0.855208 0.474537 0.059375 0.073148
1 0.479167 0.785185 0.0625 0.090741
1 0.354427 0.360185 0.074479 0.025926
1 0.81276 0.603704 0.066146 0.083333
1 0.259375 0.1125 0.071875 0.065741
1 0.847396 0.455556 0.045833 0.092593
1 0.586198 0.533333 0.010937 0.133333
1 0.882812 0.366204 0.075 0.047222
