0 0.548438 0.516667 0.044792 0.098148
1 0.284375 0.607407 0.027083 0.135185
1 0.613281 0.6875 0.029687 0.139815
1 0.394531 0.516667 0.080729 0.040741
1 0.529167 0.411111 0.055208 0.087037
1 0.366927 0.690278 0.078646 0.034259
1 0.555729 0.447222 0.055208 0.085185
1 0.786979 0.563426 0.072917 0.032407
1 0.557292 0.724074 0.079167 0.037037
1 0.591406 0.780556 0.019271 0.12963
1 0.59974 0.447222 0.041146 0.107407
1 0.584635 0.452778 0.011979 0.094444
1 0.746875 0.646759 0.073958 0.067593
1 0.45651 0.716204 0.068229 0.037963
1 0.486979 0.714352 0.064583 0.049074
1 0.438281 0.690278 0.065104 0.034259
1 0.772656 0.481944 0.057812 0.091667
1 0.76849 0.603704 0.078646 0.042593
1 0.608594 0.555556 0.059896 0.085185
