0 0.322396 0.541667 0.085417 0.027778
1 0.280208 0.361111 0.072917 0.051852
1 0.522656 0.14213 0.023438 0.123148
1 0.25625 0.326389 0.071875 0.037963
1 0.558594 0.648611 0.033854 0.132407
1 0.96224 0.358796 0.075521 0.030556
1 0.451562 0.22963 0.069792 0.051852
1 0.815625 0.479167 0.03125 0.137963
1 0.372917 0.7875 0.076042 0.039815
1 0.330469 0.784259 0.036979 0.127778
1 0.54375 0.528241 0.013542 0.139815
1 0.307031 0.457407 0.018229 0.125926
1 0.461458 0.296759 0.066667 0.026852
1 0.784635 0.125 0.046354 0.109259
1 0.533333 0.53287 0.0125 0.14537
1 0.744271 0.628241 0.023958 0.141667
1 0.492448 0.326852 0.071354 0.053704
1 0.260156 0.705093 0.083854 0.067593
1 0.422917 0.399537 0.079167 0.032407
