0 0.857552 0.520833 0.040104 0.125
1 0.451562 0.878241 0.079167 0.05463
1 0.390365 0.229167 0.024479 0.117593
1 0.539323 0.859259 0.025521 0.142593
1 0.524219 0.316667 0.021354 0.122222
1 0.507031 0.156944 0.053646 0.09537
1 0.448698 0.835648 0.076563 0.058333
1 0.3875 0.024537 0.070833 0.030556
1 0.752865 0.393056 0.036979 0.126852
1 0.398438 0.284722 0.071875 0.04537
1 0.533073 0.47963 0.056771 0.07963
1 0.461198 0.224537 0.061979 0.065741
1 0.494792 0.44213 0.053125 0.09537
1 0.184896 0.122222 0.078125 0.035185
1 0.220573 0.65 0.060937 0.112963
1 0.197656 0.458796 0.078646 0.034259
1 0.722656 0.524537 0.078646 0.063889
1 0.322656 0.471296 0.056771 0.109259
1 0.459115 0.272222 0.065104 0.033333
