1 0.497396 0.487037 0.078125 0.055556
1 0.578646 0.645833 0.023958 0.130556
0 0.332813 0.397685 0.077083 0.036111
1 0.456771 0.414352 0.065625 0.056481
1 0.379688 0.450926 0.079167 0.02963
1 0.702344 0.351389 0.073438 0.078704
1 0.394271 0.775463 0.066667 0.065741
1 0.804688 0.222685 0.038542 0.117593
1 0.548698 0.40787 0.017188 0.125
1 0.409896 0.430556 0.072917 0.024074
1 0.498698 0.863426 0.077604 0.060185
1 0.365104 0.325 0.045833 0.1
1 0.60026 0.343519 0.047396 0.116667
1 0.505729 0.339352 0.048958 0.113889
1 0.558073 0.580556 0.074479 0.066667
1 0.266667 0.508333 0.04375 0.122222
1 0.428646 0.160185 0.065625 0.087037
1 0.757292 0.148148 0.01875 0.151852
1 0.470833 0.79537 0.070833 0.066667
