0 0.373437 0.346759 0.0625 0.091667
1 0.41875 0.825 0.080208 0.038889
1 0.171354 0.092593 0.070833 0.055556
1 0.348958 0.15463 0.029167 0.12963
1 0.491927 0.434259 0.078646 0.031481
1 0.294792 0.254167 0.051042 0.082407
1 0.353125 0.790278 0.077083 0.04537
1 0.152083 0.879167 0.057292 0.108333
1 0.508594 0.286111 0.024479 0.12037
1 0.25625 0.266204 0.06875 0.047222
1 0.411198 0.141204 0.074479 0.032407
1 0.519531 0.357407 0.015104 0.118519
1 0.469531 0.376852 0.068229 0.053704
1 0.544271 0.786574 0.044792 0.128704
1 0.49349 0.203241 0.051562 0.049074
1 0.494271 0.953704 0.029167 0.092593
1 0.172917 0.229167 0.075 0.034259
1 0.678385 0.171759 0.079687 0.041667
1 0.496094 0.130093 0.070312 0.049074
1 0.253385 0.202315 0.074479 0.034259
