0 0.290365 0.577778 0.078646 0.05
1 0.513802 0.448148 0.023438 0.131481
1 0.780729 0.109722 0.08125 0.034259
1 0.840365 0.535648 0.022396 0.130556
1 0.554167 0.743519 0.027083 0.124074
1 0.396354 0.425 0.080208 0.02963
1 0.43099 0.801389 0.080729 0.043519
1 0.538281 0.654167 0.056771 0.093519
1 0.696875 0.625463 0.034375 0.130556
1 0.869531 0.45463 0.074479 0.068519
1 0.463542 0.367593 0.0625 0.053704
1 0.442448 0.276852 0.066146 0.074074
1 0.297396 0.726389 0.066667 0.073148
1 0.342969 0.747685 0.069271 0.04537
1 0.326823 0.731019 0.094271 0.076852
1 0.233594 0.442593 0.072396 0.027778
1 0.192448 0.459722 0.076563 0.049074
1 0.592708 0.70787 0.075 0.050926
1 0.229687 0.366204 0.078125 0.039815
1 0.597917 0.54537 0.078125 0.053704
