1 0.534635 0.888426 0.024479 0.132407
1 0.47526 0.225 0.017188 0.125926
1 0.29349 0.736111 0.078646 0.053704
1 0.458594 0.272222 0.030729 0.118519
1 0.341667 0.064352 0.071875 0.034259
1 0.559635 0.074074 0.075521 0.038889
1 0.52474 0.351852 0.077604 0.033333
1 0.372135 0.729167 0.072396 0.032407
1 0.704427 0.862037 0.039062 0.140741
1 0.729427 0.776852 0.058854 0.088889
1 0.88724 0.387037 0.046354 0.133333
1 0.398698 0.766667 0.076563 0.027778
1 0.417708 0.715278 0.070833 0.052778
1 0.13151 0.083796 0.045312 0.097222
1 0.640365 0.880093 0.067187 0.084259
1 0.598958 0.837963 0.042708 0.12963
1 0.469271 0.365741 0.044792 0.105556
1 0.214323 0.384722 0.074479 0.04537
1 0.52526 0.806481 0.069271 0.087037
