0 0.300781 0.558333 0.081771 0.044444
1 0.561719 0.702778 0.017188 0.140741
1 0.34401 0.832407 0.031771 0.140741
1 0.227865 0.34537 0.074479 0.040741
1 0.75625 0.743519 0.027083 0.137037
1 0.279687 0.377315 0.072917 0.036111
1 0.533854 0.17037 0.020833 0.127778
1 0.385417 0.405556 0.075 0.038889
1 0.454427 0.264352 0.074479 0.052778
1 0.435937 0.352315 0.070833 0.030556
1 0.411979 0.792593 0.079167 0.055556
1 0.536979 0.563426 0.0125 0.137963
1 0.732812 0.661111 0.013542 0.133333
1 0.550521 0.540278 0.014583 0.132407
1 0.52474 0.441667 0.060937 0.098148
1 0.354427 0.456944 0.072396 0.052778
1 0.255729 0.747685 0.089583 0.036111
1 0.70599 0.182407 0.078646 0.033333
