1 0.571875 0.790741 0.019792 0.137037
1 0.370052 0.102778 0.070312 0.033333
1 0.408594 0.815278 0.073438 0.04537
1 0.516667 0.44537 0.061458 0.081481
1 0.282031 0.192593 0.045312 0.111111
1 0.454167 0.85463 0.073958 0.053704
1 0.522917 0.711574 0.057292 0.097222
1 0.333333 0.398611 0.075 0.030556
1 0.426302 0.131019 0.066146 0.036111
1 0.497396 0.466667 0.070833 0.057407
1 0.541667 0.336111 0.039583 0.118519
1 0.37474 0.199537 0.033854 0.102778
1 0.341406 0.427778 0.071354 0.040741
1 0.502344 0.241204 0.075521 0.030556
1 0.551823 0.447222 0.057812 0.094444
1 0.742708 0.526389 0.073958 0.058333
1 0.44401 0.178241 0.073438 0.047222
1 0.372396 0.85787 0.070833 0.075
1 0.86901 0.45 0.080729 0.053704
