1 0.55026 0.445833 0.023438 0.126852
1 0.552344 0.734722 0.058854 0.093519
1 0.421875 0.283333 0.075 0.027778
1 0.358073 0.319907 0.073438 0.049074
1 0.639583 0.321296 0.075 0.038889
1 0.464844 0.702778 0.076563 0.053704
1 0.67526 0.891204 0.055729 0.084259
1 0.614844 0.587037 0.074479 0.051852
1 0.58099 0.476852 0.041146 0.12037
1 0.688542 0.55463 0.053125 0.114815
1 0.476562 0.541204 0.075 0.067593
1 0.676823 0.672222 0.060937 0.092593
1 0.323437 0.431944 0.078125 0.041667
1 0.3375 0.612963 0.079167 0.027778
1 0.35026 0.707407 0.079687 0.046296
1 0.485156 0.401852 0.072396 0.068519
1 0.64375 0.84213 0.072917 0.071296
1 0.503906 0.281944 0.068229 0.062037
1 0.616667 0.641204 0.073958 0.067593
1 0.602083 0.266667 0.053125 0.098148
