0 0.574479 0.634722 0.021875 0.152778
1 0.772656 0.396759 0.021354 0.139815
1 0.44375 0.263889 0.072917 0.027778
1 0.553646 0.120833 0.03125 0.128704
1 0.474219 0.197222 0.023438 0.127778
1 0.768229 0.175926 0.01875 0.12963
1 0.248177 0.172222 0.073438 0.048148
1 0.384375 0.39213 0.072917 0.052778
1 0.372917 0.075926 0.028125 0.127778
1 0.571354 0.277315 0.045833 0.113889
1 0.40651 0.818519 0.073438 0.02963
1 0.354167 0.795833 0.048958 0.113889
1 0.420833 0.241204 0.054167 0.073148
1 0.386458 0.366204 0.06875 0.041667
1 0.461719 0.830093 0.085938 0.063889
0 0.310937 0.413426 0.034375 0.113889
1 0.696615 0.275926 0.070312 0.062963
1 0.2875 0.411574 0.048958 0.09537
