1 0.589063 0.305093 0.075 0.043519
1 0.292448 0.613426 0.078646 0.034259
1 0.569271 0.56713 0.072917 0.052778
1 0.422135 0.694907 0.075521 0.060185
1 0.551042 0.25 0.053125 0.092593
1 0.632552 0.866667 0.055729 0.090741
1 0.275521 0.434722 0.078125 0.039815
1 0.63151 0.651852 0.058854 0.092593
1 0.307031 0.70787 0.079687 0.050926
1 0.509635 0.721759 0.055729 0.099074
1 0.533854 0.460648 0.040625 0.125
1 0.602344 0.822222 0.067187 0.081481
1 0.43099 0.533796 0.075521 0.071296
1 0.371094 0.280556 0.074479 0.024074
1 0.641927 0.533333 0.056771 0.112963
1 0.309896 0.322685 0.072917 0.04537
1 0.571875 0.621296 0.073958 0.062963
1 0.453646 0.275463 0.069792 0.058333
1 0.434896 0.395833 0.072917 0.062037
1 0.498698 0.433333 0.024479 0.124074
