1 0.0875 0.046296 0.075 0.048148
0 0.38125 0.413426 0.073958 0.060185
1 0.297396 0.283796 0.072917 0.071296
1 0.397396 0.364352 0.070833 0.060185
1 0.447396 0.8625 0.078125 0.058333
1 0.504687 0.234259 0.065625 0.02963
1 0.372656 0.814352 0.070312 0.071296
1 0.455469 0.225463 0.016146 0.126852
1 0.589063 0.20463 0.076042 0.05
1 0.526302 0.461111 0.034896 0.125926
1 0.535417 0.824074 0.083333 0.05
1 0.536719 0.321296 0.040104 0.114815
1 0.472396 0.3875 0.076042 0.025
1 0.448437 0.454167 0.065625 0.078704
1 0.277604 0.079167 0.072917 0.062037
1 0.176302 0.865278 0.055729 0.110185
1 0.298958 0.487037 0.05 0.116667
1 0.538802 0.741667 0.020313 0.140741
1 0.488802 0.055093 0.052604 0.110185
1 0.535156 0.211111 0.071354 0.025926
