1 0.747396 0.741204 0.033333 0.130556
1 0.397917 0.733796 0.077083 0.043519
1 0.270573 0.251389 0.075521 0.043519
1 0.446875 0.701852 0.072917 0.046296
1 0.54349 0.321296 0.056771 0.090741
1 0.692708 0.906944 0.058333 0.086111
1 0.636458 0.711574 0.048958 0.102778
1 0.660417 0.869444 0.070833 0.072222
1 0.567187 0.748611 0.055208 0.089815
0 0.591927 0.528241 0.039062 0.117593
1 0.685156 0.739815 0.052604 0.094444
1 0.652083 0.681944 0.0625 0.073148
1 0.48099 0.75463 0.067187 0.068519
1 0.501563 0.7 0.053125 0.064815
1 0.414583 0.42963 0.077083 0.042593
1 0.489063 0.727778 0.072917 0.092593
1 0.586719 0.283796 0.050521 0.108333
1 0.536198 0.511574 0.072396 0.05463
1 0.62474 0.807407 0.071354 0.061111
0 0.622656 0.465741 0.073438 0.075926
