0 0.220573 0.24213 0.078646 0.043519
1 0.524479 0.424074 0.080208 0.051852
1 0.418229 0.178241 0.033333 0.119444
1 0.16276 0.915278 0.077604 0.050926
1 0.671615 0.604167 0.074479 0.065741
1 0.5875 0.222222 0.071875 0.05
1 0.541146 0.209259 0.054167 0.098148
1 0.40599 0.809722 0.073438 0.063889
1 0.330469 0.839815 0.097396 0.046296
1 0.529948 0.338426 0.028646 0.119444
1 0.368229 0.1375 0.061458 0.05463
1 0.610938 0.132407 0.06875 0.062963
1 0.408073 0.401389 0.064062 0.082407
1 0.201563 0.185185 0.072917 0.025926
1 0.411458 0.294444 0.061458 0.083333
1 0.61224 0.717593 0.031771 0.142593
1 0.561458 0.631481 0.061458 0.098148
1 0.290365 0.418519 0.074479 0.066667
1 0.102344 0.299537 0.074479 0.041667
