0 0.315365 0.481019 0.073438 0.050926
1 0.501042 0.359722 0.033333 0.121296
1 0.480469 0.871759 0.077604 0.034259
1 0.65651 0.396759 0.060937 0.102778
1 0.730729 0.2125 0.022917 0.125
1 0.3375 0.365278 0.022917 0.128704
1 0.453906 0.464352 0.072396 0.039815
1 0.36901 0.82963 0.072396 0.062963
1 0.375781 0.480556 0.068229 0.053704
0 0.545833 0.404167 0.052083 0.09537
1 0.541667 0.627778 0.016667 0.142593
1 0.740365 0.116204 0.040104 0.112037
1 0.449479 0.844444 0.073958 0.025926
1 0.532031 0.394907 0.020313 0.113889
1 0.417969 0.797222 0.077604 0.033333
1 0.363542 0.229167 0.066667 0.065741
1 0.266667 0.528704 0.027083 0.140741
1 0.551562 0.641667 0.009375 0.127778
