1 0.255469 0.406019 0.079687 0.030556
1 0.38125 0.043519 0.069792 0.055556
1 0.558073 0.75463 0.029687 0.133333
1 0.37526 0.860185 0.078646 0.040741
1 0.605729 0.119444 0.039583 0.122222
1 0.497656 0.349074 0.071354 0.051852
1 0.573958 0.638889 0.078125 0.057407
1 0.222135 0.834722 0.057812 0.097222
1 0.500521 0.40463 0.070833 0.046296
1 0.379427 0.145833 0.078646 0.04537
1 0.447656 0.15 0.042188 0.033333
1 0.41849 0.14213 0.024479 0.113889
1 0.202083 0.913426 0.067708 0.086111
1 0.459896 0.483796 0.085417 0.043519
1 0.188021 0.189352 0.069792 0.076852
1 0.459635 0.878241 0.076563 0.056481
0 0.305208 0.635648 0.075 0.082407
