0 0.435937 0.799537 0.085417 0.028704
0 0.320573 0.665741 0.079687 0.062963
1 0.507552 0.386111 0.079687 0.02963
1 0.482031 0.737037 0.077604 0.057407
1 0.467969 0.181481 0.071354 0.055556
1 0.641667 0.80787 0.083333 0.034259
1 0.690365 0.268981 0.049479 0.099074
1 0.714844 0.537963 0.061979 0.087037
1 0.492708 0.251852 0.042708 0.090741
1 0.572396 0.918981 0.015625 0.141667
1 0.496615 0.330556 0.056771 0.074074
0 0.554688 0.826389 0.027083 0.141667
1 0.522656 0.187963 0.054688 0.094444
1 0.230208 0.441667 0.038542 0.12037
1 0.352865 0.349537 0.070312 0.076852
1 0.228385 0.245833 0.039062 0.119444
1 0.615365 0.211574 0.066146 0.073148
