1 0.560417 0.712963 0.020833 0.142593
1 0.551042 0.923611 0.040625 0.14537
1 0.473698 0.111111 0.073438 0.035185
1 0.463542 0.743981 0.077083 0.058333
1 0.540625 0.25787 0.025 0.113889
1 0.53099 0.1375 0.073438 0.019444
1 0.383333 0.745833 0.080208 0.043519
1 0.377865 0.128241 0.031771 0.125
1 0.530208 0.184722 0.060417 0.05463
1 0.55599 0.306944 0.015104 0.115741
1 0.276562 0.225 0.067708 0.05
1 0.235417 0.123611 0.057292 0.076852
1 0.282552 0.162963 0.075521 0.025926
1 0.204948 0.824537 0.045312 0.125
1 0.50625 0.379167 0.063542 0.062037
1 0.527083 0.400926 0.075 0.027778
0 0.422135 0.362963 0.063021 0.098148
1 0.329948 0.234722 0.065104 0.076852
1 0.689323 0.1375 0.078646 0.034259
1 0.211979 0.18287 0.070833 0.036111
