1 0.475521 0.577315 0.034375 0.117593
1 0.520833 0.88287 0.052083 0.097222
1 0.3375 0.681019 0.027083 0.141667
1 0.391927 0.738889 0.057812 0.046296
1 0.536979 0.516667 0.028125 0.116667
1 0.507552 0.373611 0.018229 0.141667
1 0.514583 0.591667 0.08125 0.022222
1 0.691406 0.672685 0.043229 0.128704
1 0.708854 0.550463 0.0625 0.091667
1 0.606771 0.868056 0.061458 0.063889
1 0.476823 0.686111 0.015104 0.131481
1 0.635417 0.8 0.064583 0.088889
1 0.501302 0.813426 0.051562 0.106481
1 0.346875 0.381019 0.067708 0.075
1 0.518229 0.684259 0.015625 0.12037
1 0.529687 0.659722 0.0125 0.102778
1 0.525781 0.756944 0.016146 0.128704
1 0.398177 0.782407 0.042188 0.127778
1 0.517969 0.517593 0.040104 0.107407
1 0.557552 0.889815 0.063021 0.083333
