1 0.299479 0.801389 0.078125 0.056481
1 0.220833 0.42037 0.083333 0.048148
1 0.416667 0.143981 0.075 0.049074
1 0.397917 0.820833 0.083333 0.036111
1 0.451823 0.24537 0.081771 0.059259
1 0.274219 0.068981 0.068229 0.065741
1 0.88776 0.553704 0.083854 0.083333
1 0.292187 0.197685 0.033333 0.110185
1 0.35 0.389815 0.044792 0.12037
1 0.453646 0.916204 0.069792 0.086111
1 0.432031 0.261574 0.038021 0.110185
1 0.528125 0.256944 0.026042 0.123148
1 0.541927 0.092593 0.023438 0.124074
1 0.467969 0.653241 0.027604 0.150926
1 0.617448 0.642593 0.041146 0.146296
1 0.535677 0.526852 0.043229 0.138889
1 0.32526 0.178241 0.042188 0.102778
1 0.553385 0.197685 0.046354 0.108333
1 0.526563 0.897222 0.053125 0.133333
1 0.274219 0.038889 0.081771 0.025926
