0 0.542448 0.519444 0.028646 0.135185
0 0.563802 0.683796 0.017188 0.147222
0 0.126562 0.147222 0.082292 0.040741
0 0.24401 0.313889 0.079687 0.051852
0 0.494531 0.233333 0.080729 0.035185
0 0.436458 0.464352 0.076042 0.050926
0 0.413021 0.406019 0.077083 0.047222
0 0.509896 0.407407 0.082292 0.035185
0 0.53099 0.774074 0.081771 0.044444
0 0.802083 0.497222 0.070833 0.094444
0 0.371875 0.428241 0.063542 0.076852
0 0.366146 0.784259 0.071875 0.062963
0 0.671354 0.457407 0.044792 0.127778
0 0.314323 0.125926 0.081771 0.025926
0 0.296615 0.196759 0.075521 0.093519
0 0.703906 0.603704 0.043229 0.109259
0 0.396615 0.838889 0.079687 0.061111
0 0.804948 0.056481 0.041146 0.101852
0 0.523958 0.328704 0.063542 0.087037
