0 0.406771 0.814815 0.029167 0.151852
0 0.542448 0.574537 0.022396 0.137963
0 0.63151 0.611574 0.090104 0.037963
0 0.613802 0.034259 0.076563 0.048148
0 0.190104 0.212963 0.078125 0.055556
0 0.422656 0.391204 0.064062 0.082407
0 0.540885 0.451389 0.071354 0.05463
0 0.83776 0.247685 0.064062 0.099074
0 0.496875 0.170833 0.078125 0.043519
0 0.233073 0.572685 0.044271 0.119444
0 0.871094 0.075926 0.059896 0.07963
0 0.361979 0.141667 0.059375 0.081481
0 0.402604 0.152778 0.061458 0.061111
0 0.21276 0.461111 0.077604 0.057407
0 0.244271 0.381944 0.057292 0.091667
0 0.428125 0.202315 0.06875 0.047222
0 0.460938 0.513426 0.075 0.069444
0 0.489323 0.415741 0.061979 0.059259
0 0.594531 0.84537 0.081771 0.07963
