0 0.484375 0.416667 0.023958 0.124074
0 0.566927 0.762037 0.085938 0.040741
0 0.153385 0.331944 0.078646 0.052778
0 0.201563 0.465741 0.086458 0.040741
0 0.436198 0.789815 0.083854 0.048148
0 0.436979 0.873148 0.080208 0.042593
0 0.213542 0.354167 0.071875 0.062037
0 0.514323 0.871296 0.079687 0.051852
0 0.194271 0.2875 0.080208 0.021296
0 0.542969 0.844444 0.078646 0.075926
0 0.170313 0.317593 0.072917 0.044444
0 0.101042 0.708796 0.095833 0.075
0 0.526302 0.886111 0.079687 0.07963
0 0.24401 0.30787 0.074479 0.025
0 0.310677 0.315741 0.049479 0.109259
0 0.20651 0.212963 0.057812 0.092593
0 0.140365 0.187963 0.068229 0.083333
0 0.461198 0.32963 0.039062 0.114815
