0 0.511979 0.509722 0.025 0.136111
0 0.760417 0.163426 0.016667 0.130556
0 0.444271 0.099537 0.030208 0.125
0 0.245312 0.147222 0.032292 0.118519
0 0.342969 0.061111 0.078646 0.046296
0 0.317969 0.380556 0.077604 0.031481
0 0.79375 0.346296 0.082292 0.07963
0 0.496094 0.363426 0.072396 0.071296
0 0.528906 0.911111 0.048438 0.138889
0 0.347135 0.352778 0.070312 0.062963
0 0.352083 0.188426 0.064583 0.065741
0 0.442448 0.327778 0.070312 0.05
0 0.432031 0.419444 0.078646 0.048148
0 0.247135 0.405093 0.059896 0.10463
0 0.590625 0.158796 0.06875 0.071296
0 0.5125 0.263426 0.076042 0.062037
0 0.535417 0.543519 0.03125 0.116667
1 0.123958 0.186574 0.059375 0.084259
