0 0.534115 0.6375 0.034896 0.128704
0 0.241146 0.072685 0.020833 0.126852
0 0.578125 0.111574 0.079167 0.043519
0 0.597135 0.703704 0.089063 0.046296
0 0.230469 0.280093 0.059896 0.102778
0 0.529427 0.755556 0.033854 0.148148
0 0.522135 0.4375 0.067187 0.071296
0 0.296615 0.452778 0.134896 0.038889
0 0.484896 0.618519 0.059375 0.107407
0 0.371615 0.222685 0.070312 0.067593
0 0.81224 0.177778 0.047396 0.111111
0 0.527083 0.510185 0.05625 0.098148
0 0.329167 0.456019 0.073958 0.030556
0 0.557552 0.225 0.059896 0.085185
0 0.259635 0.450926 0.074479 0.037037
0 0.716406 0.286574 0.055729 0.106481
0 0.488021 0.672222 0.05 0.088889
0 0.766406 0.22963 0.050521 0.105556
0 0.535937 0.305093 0.039583 0.108333
