0 0.518229 0.251389 0.033333 0.126852
0 0.18125 0.256019 0.015625 0.117593
0 0.307812 0.348148 0.034375 0.125926
0 0.153646 0.351852 0.080208 0.037037
0 0.181771 0.175 0.079167 0.040741
0 0.463542 0.873611 0.032292 0.150926
0 0.220052 0.313426 0.046354 0.097222
0 0.477604 0.377315 0.084375 0.060185
0 0.334896 0.791204 0.085417 0.062037
0 0.263542 0.187037 0.071875 0.059259
0 0.324479 0.046759 0.073958 0.067593
0 0.175521 0.436111 0.063542 0.085185
0 0.553646 0.583333 0.05 0.116667
0 0.36224 0.525926 0.077604 0.068519
0 0.254948 0.249074 0.063021 0.081481
0 0.52526 0.657407 0.061979 0.094444
0 0.749479 0.567593 0.044792 0.118519
0 0.553646 0.923611 0.047917 0.139815
0 0.673177 0.638426 0.041146 0.115741
0 0.744792 0.09213 0.053125 0.097222
