0 0.483854 0.738426 0.026042 0.134259
0 0.66901 0.72963 0.018229 0.142593
0 0.454687 0.406019 0.053125 0.106481
0 0.693229 0.706481 0.020833 0.138889
0 0.221094 0.514352 0.082812 0.039815
0 0.74375 0.262037 0.079167 0.025926
0 0.653125 0.723148 0.017708 0.148148
0 0.529948 0.721759 0.051562 0.112037
0 0.265625 0.441667 0.071875 0.07037
0 0.448437 0.465278 0.047917 0.063889
0 0.410156 0.430093 0.042188 0.10463
0 0.202083 0.456481 0.073958 0.031481
0 0.279687 0.497222 0.058333 0.07037
0 0.228906 0.421759 0.058854 0.050926
0 0.531771 0.59213 0.053125 0.113889
0 0.466406 0.543981 0.042188 0.106481
0 0.511979 0.753241 0.027083 0.121296
0 0.723177 0.234259 0.068229 0.044444
