0 0.549219 0.309259 0.032813 0.124074
0 0.221875 0.71713 0.019792 0.15463
0 0.547656 0.418519 0.082812 0.035185
0 0.197135 0.333333 0.066146 0.096296
0 0.278385 0.202778 0.078646 0.074074
0 0.579427 0.572685 0.076563 0.071296
0 0.408854 0.120833 0.015625 0.117593
0 0.416667 0.375 0.069792 0.077778
0 0.477344 0.478704 0.047396 0.105556
0 0.110677 0.151852 0.075521 0.035185
0 0.684115 0.831481 0.020313 0.144444
0 0.764583 0.59213 0.038542 0.136111
0 0.303646 0.410648 0.047917 0.115741
0 0.411979 0.189815 0.048958 0.094444
0 0.714844 0.059259 0.075521 0.072222
0 0.723437 0.705093 0.055208 0.112037
0 0.484115 0.421759 0.051562 0.100926
0 0.371354 0.360185 0.046875 0.105556
