0 0.845833 0.26713 0.026042 0.126852
0 0.43099 0.162037 0.069271 0.042593
0 0.291406 0.525 0.022396 0.135185
0 0.483333 0.884722 0.089583 0.047222
0 0.344271 0.097685 0.047917 0.110185
0 0.796354 0.136574 0.057292 0.080556
0 0.526563 0.481944 0.05 0.09537
0 0.309375 0.341204 0.038542 0.126852
0 0.333073 0.220833 0.077604 0.043519
0 0.290885 0.29213 0.041146 0.112037
0 0.441406 0.119907 0.076563 0.030556
0 0.486198 0.431019 0.065104 0.049074
0 0.604948 0.585185 0.065104 0.096296
0 0.47526 0.260185 0.070312 0.077778
0 0.464583 0.191667 0.05625 0.081481
0 0.245573 0.122222 0.057812 0.085185
0 0.56875 0.54537 0.025 0.124074
0 0.704948 0.259259 0.063021 0.087037
0 0.591146 0.745833 0.063542 0.10463
1 0.817448 0.208333 0.033854 0.085185
