0 0.476042 0.481481 0.021875 0.133333
0 0.504167 0.508333 0.025 0.122222
0 0.442708 0.879167 0.09375 0.034259
0 0.247135 0.274074 0.018229 0.135185
0 0.327604 0.069907 0.039583 0.115741
0 0.425521 0.224074 0.076042 0.033333
0 0.385677 0.180556 0.071354 0.035185
0 0.470573 0.216204 0.040104 0.113889
0 0.19349 0.502315 0.043229 0.117593
0 0.563802 0.716204 0.065104 0.093519
0 0.310937 0.219444 0.076042 0.037037
0 0.411719 0.147222 0.077604 0.027778
0 0.313542 0.315741 0.027083 0.131481
0 0.756771 0.250463 0.053125 0.084259
0 0.442969 0.4625 0.051562 0.089815
0 0.778125 0.197685 0.067708 0.073148
0 0.751302 0.085648 0.024479 0.119444
0 0.713021 0.153241 0.039583 0.112037
0 0.510677 0.761574 0.051562 0.123148
1 0.189062 0.144444 0.054167 0.092593
