0 0.324479 0.089815 0.016667 0.124074
0 0.553125 0.27963 0.029167 0.127778
0 0.71276 0.775463 0.017188 0.152778
0 0.48724 0.355093 0.033854 0.128704
0 0.267448 0.203704 0.076563 0.033333
0 0.697396 0.329167 0.034375 0.130556
0 0.320312 0.395833 0.084375 0.043519
0 0.356771 0.179167 0.077083 0.034259
0 0.098177 0.152315 0.081771 0.04537
0 0.148698 0.216204 0.077604 0.04537
0 0.775521 0.115741 0.076042 0.051852
0 0.391927 0.318056 0.066146 0.065741
0 0.37526 0.122222 0.061979 0.077778
0 0.354427 0.806481 0.070312 0.092593
0 0.588281 0.70463 0.053646 0.122222
0 0.744531 0.211574 0.068229 0.069444
0 0.193229 0.100463 0.071875 0.056481
0 0.579427 0.483796 0.046354 0.121296
0 0.638021 0.404167 0.025 0.121296
0 0.669271 0.774074 0.038542 0.142593
