0 0.38724 0.130556 0.024479 0.125926
0 0.316927 0.238426 0.082812 0.036111
0 0.732292 0.55 0.03125 0.12963
0 0.348958 0.440278 0.082292 0.041667
0 0.089063 0.263889 0.083333 0.048148
0 0.290104 0.402315 0.054167 0.093519
0 0.69375 0.771759 0.086458 0.036111
0 0.622135 0.761111 0.079687 0.057407
0 0.139063 0.192593 0.073958 0.059259
0 0.529948 0.380556 0.053646 0.092593
0 0.815104 0.410648 0.076042 0.063889
0 0.358854 0.324537 0.06875 0.05463
0 0.197917 0.125 0.069792 0.07037
0 0.792969 0.300463 0.041146 0.113889
0 0.33099 0.819907 0.077604 0.073148
0 0.592187 0.447685 0.080208 0.049074
0 0.565625 0.640278 0.020833 0.141667
0 0.542188 0.279167 0.04375 0.115741
0 0.419531 0.295833 0.054688 0.100926
0 0.338542 0.121296 0.048958 0.103704
