0 0.521094 0.669907 0.028646 0.132407
0 0.501823 0.401389 0.027604 0.136111
0 0.483333 0.886111 0.083333 0.031481
0 0.22474 0.45463 0.053646 0.090741
0 0.729427 0.16713 0.020313 0.121296
0 0.434375 0.208796 0.020833 0.123148
0 0.324219 0.294444 0.053646 0.096296
0 0.548958 0.206944 0.080208 0.058333
0 0.340365 0.326389 0.043229 0.100926
0 0.416146 0.213889 0.019792 0.111111
0 0.71901 0.102778 0.018229 0.122222
0 0.608333 0.363889 0.042708 0.114815
0 0.328125 0.443056 0.076042 0.075
0 0.667708 0.867593 0.071875 0.094444
0 0.53724 0.493981 0.078646 0.049074
0 0.52474 0.574074 0.020313 0.1
0 0.764062 0.211111 0.040625 0.112963
0 0.545833 0.582407 0.019792 0.124074
0 0.914583 0.175926 0.086458 0.035185
0 0.939844 0.310648 0.030729 0.143519
