0 0.451562 0.62963 0.027083 0.133333
0 0.441406 0.418519 0.029687 0.12963
0 0.485937 0.673611 0.017708 0.14537
0 0.178906 0.256019 0.021354 0.130556
0 0.477344 0.23287 0.030729 0.10463
0 0.659375 0.23287 0.028125 0.119444
0 0.188542 0.47963 0.019792 0.133333
0 0.413281 0.856481 0.090104 0.046296
0 0.467708 0.516204 0.016667 0.126852
0 0.37474 0.224537 0.078646 0.032407
0 0.723177 0.155093 0.078646 0.043519
0 0.319792 0.20463 0.077083 0.037037
0 0.15625 0.128704 0.044792 0.094444
0 0.707812 0.239815 0.080208 0.040741
0 0.358854 0.12037 0.080208 0.038889
0 0.216927 0.168519 0.075521 0.024074
0 0.250521 0.227778 0.044792 0.085185
0 0.240104 0.241667 0.033333 0.116667
0 0.478125 0.177315 0.034375 0.125
0 0.602604 0.136111 0.079167 0.040741
