0 0.769792 0.154167 0.025 0.117593
0 0.247396 0.224074 0.032292 0.127778
0 0.424479 0.15 0.020833 0.111111
0 0.488021 0.560185 0.032292 0.135185
0 0.739323 0.083796 0.050521 0.086111
0 0.543229 0.599537 0.016667 0.141667
0 0.367188 0.734259 0.020833 0.153704
0 0.532552 0.858796 0.018229 0.14537
0 0.645573 0.501852 0.082812 0.057407
0 0.483073 0.077778 0.079687 0.035185
0 0.307552 0.416667 0.049479 0.109259
0 0.242448 0.393519 0.042188 0.116667
0 0.49974 0.216204 0.067187 0.067593
0 0.69401 0.839815 0.073438 0.092593
0 0.534635 0.32037 0.066146 0.092593
0 0.807292 0.184722 0.055208 0.089815
0 0.454948 0.17963 0.025521 0.116667
0 0.935937 0.147222 0.079167 0.07037
0 0.385677 0.244907 0.048438 0.106481
