0 0.486458 0.921759 0.029167 0.134259
0 0.663802 0.036574 0.080729 0.036111
0 0.511458 0.023611 0.080208 0.032407
0 0.204948 0.344444 0.070312 0.066667
0 0.4375 0.607407 0.054167 0.111111
0 0.439062 0.4125 0.072917 0.025
0 0.474219 0.508333 0.042188 0.1
0 0.31224 0.39537 0.073438 0.072222
0 0.696094 0.280093 0.021354 0.130556
0 0.479687 0.811574 0.05 0.126852
0 0.488542 0.633333 0.053125 0.114815
0 0.676562 0.31713 0.014583 0.128704
0 0.461458 0.635648 0.047917 0.110185
0 0.491927 0.485648 0.043229 0.091667
0 0.227604 0.25787 0.046875 0.108333
0 0.247396 0.067593 0.063542 0.088889
0 0.486979 0.412037 0.021875 0.116667
0 0.915104 0.278704 0.054167 0.114815
0 0.465365 0.662037 0.052604 0.114815
