0 0.540104 0.663889 0.026042 0.142593
0 0.478125 0.223611 0.083333 0.034259
0 0.477344 0.91713 0.032813 0.139815
0 0.176042 0.399537 0.082292 0.065741
0 0.849219 0.068056 0.053646 0.100926
0 0.244531 0.169444 0.077604 0.053704
0 0.469531 0.398148 0.041146 0.122222
0 0.344271 0.798611 0.069792 0.093519
0 0.248438 0.425463 0.046875 0.102778
0 0.477083 0.308796 0.073958 0.062037
0 0.445312 0.640741 0.071875 0.090741
0 0.314323 0.364815 0.068229 0.068519
0 0.279687 0.245833 0.01875 0.112037
0 0.667708 0.670833 0.045833 0.115741
0 0.392188 0.384722 0.072917 0.058333
0 0.760938 0.271296 0.035417 0.127778
0 0.678385 0.616667 0.075521 0.048148
0 0.502604 0.869444 0.036458 0.125926
0 0.261719 0.300926 0.030729 0.116667
0 0.37526 0.341204 0.067187 0.043519
