0 0.223698 0.547222 0.028646 0.131481
0 0.789323 0.309259 0.030729 0.133333
0 0.534896 0.864352 0.0875 0.049074
0 0.16276 0.265741 0.077604 0.057407
0 0.613802 0.501852 0.080729 0.040741
0 0.458594 0.384259 0.069271 0.05
0 0.264323 0.319907 0.060937 0.080556
0 0.445573 0.898148 0.088021 0.055556
0 0.419531 0.317593 0.060937 0.083333
0 0.57526 0.578704 0.049479 0.12037
0 0.402865 0.184722 0.074479 0.019444
0 0.547396 0.507407 0.072917 0.027778
0 0.47474 0.187963 0.078646 0.062963
0 0.72474 0.274074 0.055729 0.090741
0 0.490104 0.496296 0.061458 0.101852
0 0.717187 0.201852 0.054167 0.101852
0 0.202865 0.4 0.068229 0.064815
0 0.232813 0.357407 0.04375 0.114815
0 0.406771 0.165278 0.061458 0.017593
0 0.309375 0.114815 0.040625 0.12963
