0 0.483333 0.286111 0.028125 0.131481
0 0.143229 0.388426 0.078125 0.04537
0 0.467448 0.753241 0.090104 0.032407
0 0.47526 0.82963 0.080729 0.037037
0 0.590885 0.708333 0.081771 0.062963
0 0.301823 0.32037 0.043229 0.111111
0 0.086198 0.141204 0.068229 0.084259
0 0.199219 0.478241 0.076563 0.075
0 0.160677 0.344907 0.074479 0.043519
0 0.1875 0.298611 0.078125 0.026852
0 0.133854 0.831944 0.083333 0.100926
0 0.560417 0.811574 0.073958 0.084259
0 0.204167 0.388426 0.059375 0.058333
0 0.233854 0.346296 0.071875 0.027778
0 0.532813 0.830093 0.06875 0.047222
0 0.560677 0.840741 0.061979 0.092593
0 0.182031 0.245833 0.056771 0.091667
0 0.554167 0.389352 0.036458 0.123148
0 0.290625 0.316667 0.041667 0.075926
