0 0.522656 0.306481 0.025521 0.124074
0 0.619792 0.623148 0.027083 0.137037
0 0.544531 0.4625 0.025521 0.123148
0 0.323437 0.363889 0.082292 0.038889
0 0.200521 0.311111 0.082292 0.02037
0 0.552083 0.780093 0.025 0.110185
0 0.467969 0.731481 0.081771 0.038889
0 0.080208 0.230556 0.083333 0.055556
0 0.389062 0.718519 0.073958 0.055556
0 0.272917 0.155093 0.040625 0.115741
0 0.18151 0.696296 0.043229 0.140741
0 0.5 0.575463 0.075 0.060185
0 0.55026 0.699074 0.027604 0.155556
0 0.520573 0.431481 0.024479 0.109259
0 0.216406 0.340278 0.073438 0.041667
0 0.764844 0.628704 0.035937 0.12963
0 0.528906 0.325926 0.016146 0.098148
0 0.4875 0.675926 0.054167 0.1
0 0.534635 0.506944 0.024479 0.110185
0 0.458594 0.155093 0.034896 0.128704
