0 0.526563 0.510185 0.026042 0.142593
0 0.276823 0.28287 0.024479 0.130556
0 0.426302 0.111574 0.055729 0.093519
0 0.661458 0.023611 0.080208 0.037963
0 0.443229 0.604167 0.051042 0.106481
0 0.289062 0.724537 0.041667 0.143519
0 0.515365 0.206481 0.077604 0.055556
0 0.445573 0.196759 0.070312 0.047222
0 0.365885 0.183333 0.046354 0.090741
0 0.5 0.675463 0.063542 0.082407
0 0.183073 0.409259 0.076563 0.077778
0 0.416667 0.288889 0.051042 0.1
0 0.726823 0.082407 0.045312 0.094444
0 0.696094 0.862037 0.074479 0.092593
0 0.754427 0.716204 0.076563 0.076852
0 0.696875 0.114815 0.032292 0.112963
0 0.920833 0.101852 0.083333 0.061111
0 0.51849 0.933796 0.050521 0.128704
