0 0.472656 0.193519 0.018229 0.135185
0 0.845313 0.427315 0.05 0.093519
0 0.432552 0.125926 0.017188 0.125926
0 0.197656 0.151389 0.060937 0.082407
0 0.380208 0.4125 0.083333 0.032407
0 0.191406 0.309259 0.056771 0.1
0 0.532031 0.319444 0.079687 0.044444
0 0.345052 0.276852 0.077604 0.031481
0 0.836719 0.394907 0.052604 0.09537
0 0.335156 0.756944 0.082812 0.063889
0 0.779948 0.59213 0.075521 0.058333
0 0.278906 0.160648 0.077604 0.04537
0 0.369792 0.181944 0.073958 0.071296
0 0.644792 0.694444 0.075 0.074074
0 0.107552 0.255556 0.079687 0.048148
0 0.355208 0.1 0.057292 0.094444
0 0.523438 0.399074 0.071875 0.07037
0 0.646094 0.801852 0.017188 0.155556
0 0.540885 0.601389 0.051562 0.125
