0 0.522396 0.910648 0.090625 0.049074
0 0.591146 0.256481 0.030208 0.135185
0 0.436979 0.162037 0.073958 0.05
0 0.530208 0.588426 0.035417 0.149074
0 0.472135 0.331481 0.075521 0.051852
0 0.420573 0.390741 0.061979 0.057407
0 0.088021 0.266667 0.063542 0.07963
0 0.266406 0.44537 0.077604 0.07037
0 0.46901 0.428241 0.061979 0.087963
0 0.207552 0.424074 0.072396 0.092593
0 0.72474 0.291204 0.082812 0.060185
0 0.429948 0.238426 0.038021 0.09537
0 0.323437 0.346759 0.071875 0.069444
0 0.434896 0.206944 0.039583 0.060185
0 0.43099 0.351389 0.045312 0.10463
0 0.8 0.237963 0.052083 0.114815
0 0.251302 0.234259 0.049479 0.112963
0 0.49375 0.485648 0.047917 0.086111
