0 0.554688 0.610648 0.019792 0.149074
0 0.410677 0.200463 0.078646 0.041667
0 0.710417 0.42963 0.090625 0.055556
0 0.665885 0.084259 0.081771 0.040741
0 0.508854 0.406944 0.05625 0.080556
0 0.075 0.113426 0.079167 0.039815
0 0.202604 0.388889 0.083333 0.062963
0 0.883854 0.195833 0.076042 0.058333
0 0.13724 0.177315 0.079687 0.034259
0 0.454948 0.390741 0.061979 0.075926
0 0.458854 0.227315 0.078125 0.025
0 0.492708 0.459722 0.066667 0.028704
0 0.367448 0.838426 0.070312 0.093519
0 0.144792 0.056481 0.079167 0.033333
0 0.44375 0.439815 0.044792 0.109259
0 0.653385 0.758333 0.057812 0.116667
0 0.463802 0.272685 0.064062 0.067593
0 0.090885 0.173148 0.096354 0.033333
0 0.345313 0.077315 0.05 0.112037
0 0.659896 0.838426 0.035417 0.125
