0 0.564063 0.361111 0.025 0.116667
0 0.527604 0.386574 0.017708 0.132407
0 0.547135 0.599537 0.021354 0.130556
0 0.125521 0.15463 0.052083 0.092593
0 0.285938 0.032407 0.075 0.051852
0 0.42526 0.085185 0.035937 0.116667
0 0.535417 0.919444 0.033333 0.151852
0 0.245833 0.137037 0.017708 0.127778
0 0.360156 0.314352 0.080729 0.026852
0 0.758073 0.531944 0.027604 0.149074
0 0.398177 0.394444 0.081771 0.027778
0 0.328125 0.364352 0.082292 0.028704
0 0.483594 0.384259 0.071354 0.057407
0 0.246094 0.363889 0.066146 0.090741
0 0.536458 0.562037 0.030208 0.12963
0 0.528385 0.264352 0.078646 0.049074
0 0.360417 0.069444 0.020833 0.109259
0 0.60599 0.1625 0.068229 0.071296
0 0.736198 0.161111 0.052604 0.103704
