0 0.429688 0.210185 0.030208 0.114815
0 0.347396 0.735185 0.029167 0.148148
0 0.666667 0.834722 0.01875 0.147222
0 0.441406 0.368519 0.083854 0.037037
0 0.12474 0.251389 0.077604 0.049074
0 0.661458 0.293981 0.03125 0.130556
0 0.588542 0.314352 0.08125 0.041667
0 0.596094 0.603241 0.084896 0.041667
0 0.521875 0.435185 0.015625 0.137037
0 0.398958 0.391667 0.04375 0.105556
0 0.376563 0.197222 0.075 0.053704
0 0.489323 0.52037 0.076563 0.064815
0 0.795052 0.707407 0.059896 0.111111
0 0.210156 0.398611 0.059896 0.106481
0 0.375521 0.397685 0.046875 0.102778
0 0.331771 0.212963 0.083333 0.057407
0 0.673438 0.151389 0.061458 0.093519
0 0.80599 0.562037 0.031771 0.151852
