0 0.460938 0.285185 0.061458 0.098148
0 0.611719 0.840741 0.082812 0.055556
0 0.200521 0.269444 0.073958 0.055556
0 0.198958 0.309259 0.071875 0.05
0 0.258854 0.240741 0.072917 0.051852
0 0.522656 0.704167 0.083854 0.025
0 0.525781 0.735648 0.078646 0.025
0 0.301042 0.265278 0.069792 0.052778
0 0.241927 0.37963 0.072396 0.074074
0 0.576562 0.849537 0.053125 0.102778
0 0.59974 0.928241 0.107812 0.058333
0 0.341667 0.283333 0.061458 0.092593
0 0.196354 0.80787 0.05 0.115741
0 0.26849 0.318981 0.066146 0.05463
0 0.213281 0.912963 0.065104 0.112963
0 0.721615 0.518981 0.052604 0.108333
0 0.138802 0.106944 0.080729 0.049074
