0 0.684635 0.212963 0.029687 0.12963
0 0.204687 0.275 0.013542 0.127778
0 0.523438 0.174537 0.033333 0.119444
0 0.45026 0.926389 0.092188 0.037963
0 0.309115 0.407407 0.053646 0.096296
0 0.217448 0.356481 0.016146 0.131481
0 0.61224 0.038426 0.077604 0.034259
0 0.584115 0.095833 0.074479 0.04537
0 0.43151 0.131481 0.080729 0.044444
0 0.418229 0.373148 0.057292 0.090741
0 0.222917 0.072222 0.078125 0.046296
0 0.39349 0.205093 0.075521 0.05463
0 0.74349 0.26713 0.063021 0.082407
0 0.525521 0.673148 0.025 0.12037
0 0.317188 0.161111 0.069792 0.059259
0 0.15 0.102315 0.057292 0.087963
0 0.452083 0.30787 0.036458 0.10463
0 0.497135 0.613426 0.027604 0.123148
0 0.504687 0.543981 0.033333 0.130556
