0 0.494531 0.396759 0.082812 0.034259
0 0.460417 0.572685 0.023958 0.139815
0 0.452083 0.262963 0.028125 0.131481
0 0.50599 0.176389 0.079687 0.034259
0 0.20651 0.363426 0.034896 0.117593
0 0.840365 0.160185 0.082812 0.05
0 0.399219 0.388889 0.051562 0.103704
0 0.428385 0.85787 0.081771 0.060185
0 0.296094 0.377315 0.075521 0.073148
0 0.261198 0.185185 0.073438 0.07037
0 0.695573 0.075926 0.065104 0.072222
0 0.447396 0.230556 0.035417 0.192593
0 0.916927 0.177315 0.075521 0.071296
0 0.43125 0.481019 0.034375 0.119444
0 0.564323 0.148148 0.065104 0.083333
0 0.636198 0.847685 0.075521 0.091667
0 0.375781 0.175926 0.031771 0.112963
0 0.738281 0.085185 0.065104 0.074074
0 0.304167 0.27963 0.039583 0.114815
0 0.496354 0.482407 0.047917 0.107407
