0 0.526042 0.7875 0.027083 0.149074
0 0.36224 0.753704 0.086979 0.033333
0 0.121875 0.116204 0.032292 0.123148
0 0.149219 0.226852 0.082812 0.02963
0 0.290365 0.430093 0.046354 0.112037
0 0.213802 0.552778 0.078646 0.059259
0 0.028385 0.83287 0.026562 0.141667
0 0.39349 0.459722 0.061979 0.093519
0 0.348177 0.344907 0.055729 0.091667
0 0.170573 0.309259 0.067187 0.087037
0 0.521354 0.349074 0.076042 0.035185
0 0.476042 0.37037 0.063542 0.077778
0 0.475781 0.241667 0.075521 0.059259
0 0.535156 0.586111 0.079687 0.062963
0 0.795833 0.208796 0.057292 0.089815
0 0.526302 0.429167 0.042188 0.113889
0 0.6625 0.630556 0.028125 0.125926
0 0.766406 0.613426 0.081771 0.049074
0 0.586979 0.311111 0.045833 0.109259
0 0.38099 0.327315 0.043229 0.10463
