0 0.248958 0.377315 0.029167 0.117593
0 0.517188 0.581944 0.034375 0.125
0 0.115885 0.126389 0.079687 0.05463
0 0.510938 0.3625 0.014583 0.121296
0 0.498177 0.34213 0.023438 0.112037
0 0.736979 0.219907 0.059375 0.086111
0 0.486198 0.793519 0.082812 0.064815
0 0.515885 0.641667 0.027604 0.107407
0 0.638802 0.834259 0.042188 0.146296
0 0.509115 0.248148 0.069271 0.064815
0 0.476302 0.521759 0.054688 0.082407
0 0.417187 0.106944 0.070833 0.067593
0 0.804167 0.216204 0.054167 0.091667
0 0.29349 0.380556 0.064062 0.083333
0 0.474219 0.399074 0.054688 0.1
0 0.273698 0.311111 0.033854 0.116667
0 0.488542 0.636111 0.0375 0.125926
0 0.464844 0.248148 0.064062 0.024074
0 0.746094 0.164815 0.046354 0.098148
