0 0.728906 0.32037 0.032813 0.125926
0 0.374219 0.713426 0.079687 0.050926
0 0.349479 0.397685 0.082292 0.050926
0 0.447396 0.563426 0.077083 0.039815
0 0.252604 0.15787 0.045833 0.110185
0 0.56849 0.444907 0.056771 0.09537
0 0.191406 0.724537 0.058854 0.119444
0 0.528906 0.526852 0.065104 0.081481
0 0.147917 0.248611 0.064583 0.089815
0 0.596094 0.671296 0.069271 0.087037
0 0.51276 0.483333 0.069271 0.053704
0 0.176042 0.303704 0.06875 0.053704
0 0.483333 0.15787 0.036458 0.119444
0 0.438802 0.669444 0.072396 0.085185
0 0.19974 0.283333 0.070312 0.07037
0 0.656771 0.758796 0.076042 0.080556
0 0.520312 0.350926 0.01875 0.12037
0 0.507031 0.408333 0.025521 0.12037
0 0.60651 0.836111 0.051562 0.12037
