0 0.196615 0.3375 0.022396 0.115741
0 0.21849 0.282407 0.023438 0.12037
0 0.453125 0.258333 0.034375 0.116667
0 0.713802 0.737037 0.091146 0.055556
0 0.557813 0.715741 0.085417 0.05
0 0.419792 0.378704 0.05 0.096296
0 0.715104 0.619907 0.067708 0.100926
0 0.481771 0.413889 0.03125 0.124074
0 0.103906 0.828241 0.052604 0.119444
0 0.389583 0.31713 0.075 0.041667
0 0.177604 0.173611 0.06875 0.084259
0 0.530469 0.848148 0.073438 0.07963
0 0.73776 0.086111 0.078646 0.061111
0 0.54349 0.371296 0.056771 0.101852
0 0.460417 0.444907 0.033333 0.115741
0 0.338021 0.42963 0.054167 0.087037
0 0.539062 0.455556 0.055208 0.107407
0 0.338542 0.348148 0.038542 0.125926
