0 0.533073 0.340741 0.025521 0.12963
0 0.753125 0.189352 0.022917 0.125
0 0.432031 0.243056 0.077604 0.04537
0 0.422396 0.785648 0.0625 0.09537
0 0.24375 0.198148 0.029167 0.125926
0 0.645573 0.841204 0.089063 0.056481
0 0.228906 0.338889 0.038021 0.114815
0 0.503125 0.215741 0.059375 0.07963
0 0.475781 0.599537 0.084896 0.056481
0 0.42474 0.475463 0.081771 0.036111
0 0.790104 0.194444 0.069792 0.07037
0 0.367708 0.410648 0.066667 0.089815
0 0.424219 0.590741 0.015104 0.137037
0 0.529427 0.503241 0.078646 0.056481
0 0.773958 0.030093 0.076042 0.034259
0 0.492188 0.439815 0.05 0.096296
0 0.717708 0.20463 0.029167 0.125926
0 0.559635 0.118519 0.056771 0.094444
0 0.533594 0.22037 0.061979 0.07037
