0 0.24349 0.284259 0.020313 0.131481
0 0.176823 0.378704 0.075521 0.046296
0 0.176042 0.211111 0.08125 0.040741
0 0.731771 0.587037 0.080208 0.031481
0 0.320833 0.304167 0.079167 0.034259
0 0.561458 0.916204 0.0375 0.139815
0 0.540625 0.646296 0.055208 0.107407
0 0.646354 0.689352 0.055208 0.113889
0 0.5125 0.449537 0.067708 0.099074
0 0.398698 0.584722 0.082812 0.058333
0 0.19375 0.415741 0.071875 0.046296
0 0.463021 0.871759 0.039583 0.14537
0 0.4875 0.261574 0.073958 0.075
0 0.364583 0.822685 0.08125 0.069444
0 0.373177 0.299537 0.044271 0.117593
0 0.201823 0.360185 0.074479 0.051852
0 0.774479 0.751389 0.065625 0.117593
0 0.215104 0.289815 0.03125 0.109259
0 0.746615 0.122222 0.038021 0.12037
0 0.386458 0.113889 0.071875 0.072222
