0 0.426302 0.15463 0.050521 0.094444
0 0.273698 0.240278 0.068229 0.058333
0 0.513281 0.231944 0.061979 0.09537
0 0.38776 0.75463 0.085938 0.055556
0 0.177604 0.293519 0.075 0.033333
0 0.41875 0.43287 0.080208 0.034259
0 0.817448 0.497222 0.074479 0.051852
0 0.457031 0.388426 0.070312 0.056481
0 0.215365 0.3125 0.067187 0.069444
0 0.577604 0.4375 0.072917 0.073148
0 0.329688 0.203241 0.077083 0.023148
0 0.634635 0.678241 0.077604 0.065741
0 0.257031 0.19537 0.072396 0.038889
0 0.364844 0.131944 0.072396 0.056481
0 0.25625 0.139352 0.066667 0.076852
0 0.603646 0.84213 0.072917 0.093519
0 0.879948 0.466204 0.047396 0.126852
0 0.615365 0.631944 0.079687 0.049074
0 0.777865 0.55787 0.055729 0.076852
