0 0.361198 0.485648 0.082812 0.043519
0 0.072656 0.069907 0.064062 0.091667
0 0.524479 0.565741 0.079167 0.051852
0 0.10599 0.333333 0.057812 0.096296
0 0.513021 0.478241 0.08125 0.05463
0 0.726302 0.691667 0.068229 0.092593
0 0.185417 0.868981 0.032292 0.15463
0 0.391146 0.81713 0.075 0.073148
0 0.24349 0.365741 0.074479 0.074074
0 0.439323 0.739352 0.067187 0.09537
0 0.518229 0.310185 0.075 0.053704
0 0.548438 0.390278 0.065625 0.076852
0 0.402344 0.408796 0.045312 0.112037
0 0.527344 0.638889 0.053646 0.101852
0 0.251823 0.215741 0.052604 0.105556
0 0.532292 0.262963 0.072917 0.064815
0 0.70651 0.761574 0.064062 0.075
0 0.755208 0.074074 0.066667 0.059259
0 0.576042 0.629167 0.042708 0.117593
0 0.563281 0.497222 0.029687 0.131481
