0 0.46276 0.194444 0.018229 0.127778
0 0.236719 0.213889 0.021354 0.133333
0 0.210417 0.406481 0.028125 0.12963
0 0.413802 0.434259 0.083854 0.053704
0 0.410417 0.759259 0.080208 0.044444
0 0.432031 0.166667 0.046354 0.092593
0 0.738281 0.163889 0.049479 0.107407
0 0.641406 0.873611 0.088021 0.058333
0 0.798698 0.223611 0.042188 0.097222
0 0.497135 0.555093 0.052604 0.110185
0 0.46849 0.384722 0.056771 0.082407
0 0.348438 0.39213 0.065625 0.09537
0 0.404948 0.177315 0.058854 0.063889
0 0.527865 0.103241 0.049479 0.10463
0 0.439583 0.532407 0.036458 0.12963
0 0.50651 0.496759 0.065104 0.078704
0 0.510156 0.205556 0.041146 0.1
0 0.510156 0.306944 0.026562 0.125
0 0.774219 0.15 0.068229 0.055556
