0 0.202083 0.521759 0.01875 0.134259
0 0.152865 0.289352 0.026562 0.128704
0 0.480208 0.722685 0.015625 0.14537
0 0.46901 0.542593 0.022396 0.131481
0 0.440104 0.198611 0.030208 0.119444
0 0.41849 0.926389 0.092188 0.04537
0 0.589583 0.175 0.079167 0.044444
0 0.722135 0.273611 0.090104 0.052778
0 0.742969 0.2 0.079687 0.040741
0 0.172917 0.131481 0.051042 0.096296
0 0.410677 0.416667 0.048438 0.111111
0 0.611198 0.255093 0.055729 0.093519
0 0.30651 0.238889 0.070312 0.048148
0 0.209635 0.220833 0.070312 0.060185
0 0.377865 0.233796 0.079687 0.023148
0 0.378646 0.25787 0.079167 0.023148
0 0.222656 0.319444 0.049479 0.092593
0 0.192188 0.295833 0.039583 0.10463
0 0.441146 0.284259 0.025 0.107407
0 0.460677 0.66713 0.030729 0.128704
