0 0.761198 0.409722 0.021354 0.136111
0 0.550781 0.659259 0.020313 0.148148
0 0.424219 0.809259 0.088021 0.035185
0 0.277865 0.514352 0.071354 0.062037
0 0.383594 0.746759 0.076563 0.065741
0 0.914323 0.266204 0.077604 0.058333
0 0.253646 0.45 0.055208 0.107407
0 0.569271 0.379167 0.076042 0.041667
0 0.55651 0.5 0.052604 0.109259
0 0.52474 0.385185 0.072396 0.042593
0 0.550781 0.7625 0.077604 0.065741
0 0.39401 0.385648 0.076563 0.047222
0 0.821094 0.466204 0.066146 0.100926
0 0.326302 0.230556 0.072396 0.074074
0 0.423698 0.380556 0.066146 0.057407
0 0.451302 0.432407 0.068229 0.072222
0 0.541927 0.421759 0.081771 0.034259
0 0.770833 0.640741 0.065625 0.075926
0 0.358073 0.312963 0.068229 0.094444
