0 0.485677 0.287963 0.030729 0.12037
0 0.722656 0.812963 0.096354 0.040741
0 0.195573 0.760648 0.041146 0.136111
0 0.552865 0.399537 0.038021 0.125
0 0.399479 0.316667 0.077083 0.057407
0 0.173177 0.34213 0.035937 0.112037
0 0.561719 0.797685 0.044271 0.123148
0 0.202865 0.17963 0.073438 0.07963
0 0.204948 0.274537 0.036979 0.093519
0 0.420312 0.407407 0.067708 0.064815
0 0.772656 0.589352 0.026562 0.147222
0 0.560937 0.725 0.082292 0.044444
0 0.535417 0.467593 0.070833 0.066667
0 0.372396 0.387037 0.057292 0.074074
0 0.478125 0.44213 0.05 0.115741
0 0.316406 0.385185 0.046354 0.112963
0 0.696875 0.215278 0.0625 0.093519
