0 0.513542 0.828704 0.036458 0.127778
0 0.791146 0.668056 0.084375 0.052778
0 0.577865 0.820833 0.019271 0.152778
0 0.511198 0.489352 0.072396 0.067593
0 0.577604 0.626389 0.0125 0.093519
0 0.586198 0.575463 0.079687 0.063889
0 0.514583 0.466667 0.08125 0.035185
0 0.261719 0.435648 0.084896 0.034259
0 0.280729 0.47963 0.092708 0.07963
0 0.567969 0.639815 0.021354 0.137037
0 0.475 0.771759 0.032292 0.128704
0 0.438281 0.394907 0.041146 0.119444
0 0.3875 0.391667 0.075 0.062963
0 0.298958 0.598148 0.054167 0.12037
0 0.264323 0.331019 0.060937 0.112037
0 0.515625 0.712963 0.040625 0.118519
0 0.497396 0.331019 0.03125 0.132407
0 0.560417 0.251852 0.057292 0.103704
