0 0.105729 0.302778 0.085417 0.044444
0 0.232292 0.31713 0.077083 0.050926
0 0.286979 0.42037 0.053125 0.096296
0 0.58125 0.828241 0.01875 0.15463
0 0.265365 0.620833 0.079687 0.069444
0 0.516927 0.797685 0.080729 0.026852
0 0.786458 0.541204 0.085417 0.039815
0 0.540885 0.252315 0.044271 0.100926
0 0.567187 0.487963 0.016667 0.135185
0 0.523958 0.21713 0.057292 0.076852
0 0.535156 0.762963 0.067187 0.048148
0 0.501823 0.7125 0.069271 0.071296
0 0.490625 0.357407 0.019792 0.133333
0 0.240104 0.354167 0.079167 0.039815
0 0.499219 0.428241 0.053646 0.099074
0 0.541667 0.456019 0.053125 0.067593
0 0.532292 0.4375 0.046875 0.108333
0 0.577083 0.606019 0.063542 0.084259
0 0.347396 0.182407 0.042708 0.112963
0 0.553125 0.527315 0.053125 0.087963
