0 0.332031 0.147685 0.027604 0.128704
0 0.551823 0.943056 0.088021 0.037963
0 0.500781 0.168519 0.076563 0.046296
0 0.255729 0.598148 0.03125 0.133333
0 0.872917 0.072685 0.01875 0.132407
0 0.474479 0.429167 0.070833 0.049074
0 0.461979 0.952778 0.085417 0.057407
0 0.416406 0.193981 0.076563 0.026852
0 0.251302 0.389815 0.043229 0.116667
0 0.508333 0.544444 0.057292 0.105556
0 0.633594 0.543981 0.078646 0.05463
0 0.192708 0.187037 0.072917 0.066667
0 0.595313 0.624074 0.048958 0.12037
0 0.430469 0.164352 0.077604 0.021296
0 0.625781 0.026389 0.079687 0.028704
0 0.56901 0.556019 0.073438 0.032407
0 0.221354 0.430093 0.06875 0.063889
0 0.28151 0.356481 0.058854 0.081481
0 0.811198 0.359722 0.035937 0.137963
0 0.434896 0.360648 0.059375 0.082407
