0 0.538281 0.663426 0.027604 0.132407
0 0.157292 0.814815 0.023958 0.151852
0 0.235156 0.141667 0.026562 0.12963
0 0.742969 0.09537 0.032813 0.12037
0 0.502604 0.3625 0.052083 0.099074
0 0.365885 0.782407 0.082812 0.033333
0 0.504687 0.578704 0.085417 0.064815
0 0.69375 0.747685 0.078125 0.063889
0 0.211458 0.330093 0.072917 0.071296
0 0.428906 0.743981 0.066146 0.097222
0 0.569271 0.583796 0.055208 0.089815
0 0.522656 0.381944 0.031771 0.110185
0 0.533073 0.487037 0.054688 0.094444
0 0.107812 0.090741 0.071875 0.068519
0 0.378646 0.37963 0.044792 0.111111
0 0.346354 0.463426 0.080208 0.050926
0 0.500781 0.253704 0.073438 0.07037
0 0.133073 0.306019 0.071354 0.067593
0 0.688021 0.822222 0.06875 0.072222
