0 0.426302 0.803241 0.019271 0.158333
0 0.176823 0.512963 0.055729 0.094444
0 0.55651 0.630093 0.019271 0.14537
0 0.153646 0.311111 0.082292 0.044444
0 0.20599 0.487963 0.078646 0.038889
0 0.729948 0.439352 0.089063 0.056481
0 0.441667 0.462963 0.08125 0.027778
0 0.119271 0.403704 0.053125 0.109259
0 0.667708 0.051389 0.078125 0.060185
0 0.239583 0.576852 0.053125 0.105556
0 0.66276 0.768519 0.064062 0.103704
0 0.471875 0.30463 0.090625 0.027778
0 0.388021 0.262037 0.075 0.068519
0 0.483333 0.287963 0.08125 0.025926
0 0.503125 0.477315 0.079167 0.056481
0 0.500521 0.42963 0.067708 0.064815
0 0.433594 0.432407 0.057812 0.037037
0 0.621615 0.939815 0.077604 0.087037
0 0.869792 0.134722 0.055208 0.087963
0 0.478125 0.295833 0.094792 0.017593
0 0.373177 0.158796 0.052604 0.112037
