0 0.272917 0.256019 0.077083 0.028704
0 0.252344 0.453704 0.086979 0.035185
0 0.515625 0.759259 0.078125 0.051852
0 0.160417 0.709259 0.047917 0.116667
0 0.267708 0.364815 0.079167 0.033333
0 0.171875 0.787963 0.059375 0.111111
0 0.184635 0.392593 0.070312 0.085185
0 0.278385 0.302315 0.076563 0.028704
0 0.222135 0.225 0.075521 0.072222
0 0.545052 0.674537 0.075521 0.080556
0 0.503125 0.810648 0.042708 0.112037
0 0.510938 0.418519 0.069792 0.081481
0 0.313542 0.325 0.070833 0.02963
0 0.36276 0.309259 0.056771 0.096296
0 0.456771 0.816204 0.075 0.058333
0 0.4625 0.719907 0.08125 0.032407
0 0.522917 0.526389 0.044792 0.113889
0 0.355469 0.288426 0.047396 0.050926
0 0.476302 0.771759 0.048438 0.065741
