0 0.549219 0.449537 0.019271 0.128704
0 0.333333 0.140278 0.01875 0.126852
0 0.544271 0.184722 0.01875 0.130556
0 0.241406 0.61713 0.089063 0.037963
0 0.070833 0.216204 0.084375 0.049074
0 0.195833 0.300926 0.082292 0.05
0 0.325521 0.356944 0.053125 0.110185
0 0.538281 0.558796 0.050521 0.115741
0 0.503646 0.686111 0.078125 0.027778
0 0.446354 0.715278 0.078125 0.026852
0 0.516667 0.719907 0.070833 0.025
0 0.50625 0.45787 0.073958 0.099074
0 0.714844 0.534722 0.031771 0.132407
0 0.54349 0.676389 0.051562 0.119444
0 0.477865 0.716204 0.124479 0.028704
0 0.59974 0.51713 0.056771 0.100926
0 0.235937 0.353704 0.077083 0.05
0 0.527083 0.361111 0.017708 0.122222
0 0.498958 0.254167 0.01875 0.136111
