0 0.578385 0.244907 0.019271 0.139815
0 0.272135 0.360185 0.024479 0.127778
0 0.132812 0.216204 0.083333 0.034259
0 0.402865 0.421759 0.084896 0.032407
0 0.875521 0.439352 0.076042 0.052778
0 0.55625 0.364815 0.082292 0.027778
0 0.357031 0.277315 0.074479 0.037963
0 0.552865 0.412037 0.079687 0.033333
0 0.358594 0.760648 0.081771 0.065741
0 0.305469 0.201852 0.078646 0.02963
0 0.690625 0.798148 0.04375 0.131481
0 0.215625 0.158333 0.064583 0.072222
0 0.679688 0.718056 0.083333 0.037963
0 0.858594 0.397222 0.073438 0.059259
0 0.35625 0.071296 0.063542 0.085185
0 0.424219 0.118981 0.041146 0.112037
0 0.382292 0.1875 0.070833 0.069444
0 0.79349 0.578704 0.051562 0.101852
0 0.576042 0.574537 0.017708 0.147222
