0 0.533333 0.634259 0.033333 0.12037
0 0.113542 0.430093 0.020833 0.132407
0 0.528125 0.474074 0.026042 0.122222
0 0.227604 0.398148 0.086458 0.046296
0 0.106771 0.841204 0.038542 0.149074
0 0.361719 0.778241 0.080729 0.041667
0 0.757292 0.326852 0.071875 0.07037
0 0.208073 0.288426 0.077604 0.056481
0 0.523177 0.347222 0.077604 0.037037
0 0.415104 0.759259 0.079167 0.066667
0 0.424479 0.451389 0.06875 0.067593
0 0.503385 0.599537 0.051562 0.091667
0 0.690625 0.7 0.082292 0.096296
0 0.508594 0.390278 0.034896 0.034259
0 0.489063 0.428241 0.060417 0.076852
0 0.540365 0.372685 0.036979 0.041667
0 0.333073 0.4375 0.066146 0.080556
0 0.491406 0.530556 0.079687 0.040741
1 0.10026 0.318056 0.055729 0.091667
