0 0.266406 0.718056 0.021354 0.149074
0 0.455729 0.440278 0.020833 0.137963
0 0.577083 0.854167 0.01875 0.147222
0 0.073958 0.210185 0.079167 0.042593
0 0.601823 0.313426 0.027604 0.132407
0 0.336719 0.381944 0.040104 0.108333
0 0.37526 0.205556 0.033854 0.112963
0 0.38099 0.363889 0.081771 0.046296
0 0.529427 0.327778 0.080729 0.048148
0 0.15 0.363889 0.064583 0.101852
0 0.520312 0.616667 0.083333 0.046296
0 0.620833 0.174074 0.055208 0.101852
0 0.324479 0.185185 0.069792 0.057407
0 0.280729 0.193056 0.080208 0.063889
0 0.730469 0.599074 0.028646 0.142593
0 0.41849 0.52037 0.072396 0.068519
0 0.31276 0.38287 0.043229 0.108333
0 0.713802 0.743519 0.065104 0.103704
