0 0.267448 0.456019 0.089063 0.030556
0 0.282552 0.559259 0.020313 0.133333
0 0.535937 0.818056 0.027083 0.123148
0 0.76875 0.731481 0.061458 0.105556
0 0.589583 0.79213 0.025 0.149074
0 0.36224 0.391667 0.079687 0.055556
0 0.613802 0.318519 0.076563 0.061111
0 0.504948 0.456481 0.071354 0.057407
0 0.447396 0.439815 0.04375 0.12037
0 0.541667 0.743981 0.0375 0.100926
0 0.626042 0.646759 0.088542 0.080556
0 0.309375 0.507407 0.0625 0.075926
0 0.545312 0.333796 0.028125 0.128704
0 0.285938 0.393981 0.058333 0.089815
0 0.576823 0.618519 0.027604 0.125926
0 0.495573 0.476389 0.053646 0.086111
0 0.563021 0.545833 0.015625 0.139815
0 0.511979 0.796296 0.034375 0.118519
