0 0.427604 0.724074 0.020833 0.153704
0 0.776302 0.215741 0.030729 0.125926
0 0.5625 0.164352 0.016667 0.121296
0 0.228125 0.4 0.036458 0.112963
0 0.816406 0.250463 0.034896 0.112037
0 0.266927 0.407407 0.055729 0.101852
0 0.510156 0.399537 0.078646 0.075
0 0.494271 0.626389 0.032292 0.121296
0 0.486198 0.839352 0.074479 0.076852
0 0.476042 0.597685 0.014583 0.121296
0 0.44401 0.227778 0.045312 0.107407
0 0.520052 0.57963 0.032813 0.131481
0 0.546875 0.210648 0.033333 0.112037
0 0.663802 0.898148 0.078646 0.077778
0 0.331771 0.311574 0.030208 0.121296
0 0.914583 0.133796 0.089583 0.032407
0 0.274479 0.267593 0.033333 0.125926
0 0.849479 0.137037 0.032292 0.112963
0 0.775 0.056481 0.029167 0.112963
0 0.421615 0.168056 0.039062 0.100926
