0 0.571354 0.783796 0.032292 0.149074
0 0.382812 0.280556 0.080208 0.040741
0 0.292708 0.233796 0.055208 0.099074
0 0.589583 0.408333 0.061458 0.083333
0 0.488281 0.648611 0.044271 0.115741
0 0.357031 0.405093 0.064062 0.084259
0 0.710938 0.101389 0.038542 0.112037
0 0.590885 0.053241 0.027604 0.106481
0 0.57474 0.642593 0.076563 0.061111
0 0.477604 0.378704 0.058333 0.083333
0 0.498437 0.536574 0.05625 0.09537
0 0.422396 0.16713 0.066667 0.080556
0 0.504948 0.647685 0.045312 0.106481
0 0.535677 0.559259 0.075521 0.033333
0 0.557813 0.526389 0.05625 0.078704
0 0.789583 0.22963 0.053125 0.103704
0 0.902344 0.248611 0.042188 0.121296
0 0.561719 0.410648 0.059896 0.073148
0 0.815885 0.310185 0.051562 0.098148
