0 0.235937 0.397685 0.026042 0.123148
0 0.488802 0.261574 0.020313 0.126852
0 0.44349 0.513889 0.024479 0.127778
0 0.490625 0.421759 0.083333 0.039815
0 0.70599 0.136111 0.055729 0.090741
0 0.413281 0.218981 0.053646 0.097222
0 0.81849 0.177778 0.079687 0.053704
0 0.755208 0.12037 0.073958 0.055556
0 0.64401 0.841204 0.077604 0.086111
0 0.372656 0.415278 0.072396 0.073148
0 0.477604 0.123611 0.070833 0.078704
0 0.275521 0.361574 0.0625 0.084259
0 0.585156 0.123611 0.073438 0.073148
0 0.486719 0.554167 0.049479 0.152778
0 0.384896 0.315741 0.033333 0.12037
0 0.884115 0.200926 0.068229 0.085185
0 0.427083 0.867593 0.079167 0.062963
0 0.2625 0.193056 0.060417 0.080556
0 0.301563 0.1625 0.042708 0.106481
