0 0.308854 0.21713 0.03125 0.125
0 0.532031 0.226852 0.071354 0.053704
0 0.429427 0.443519 0.082812 0.055556
0 0.226823 0.321296 0.048438 0.105556
0 0.652865 0.78287 0.086979 0.058333
0 0.511979 0.510185 0.089583 0.05
0 0.565104 0.094907 0.075 0.071296
0 0.476042 0.333796 0.048958 0.113889
0 0.367448 0.381481 0.066146 0.090741
0 0.689844 0.209722 0.071354 0.069444
0 0.744792 0.210185 0.033333 0.12037
0 0.496094 0.521759 0.069271 0.067593
0 0.426042 0.199074 0.076042 0.02963
0 0.352604 0.581019 0.034375 0.137963
0 0.435156 0.211574 0.057812 0.05463
0 0.804948 0.121759 0.053646 0.087963
0 0.535156 0.414815 0.036979 0.124074
0 0.523438 0.639352 0.039583 0.126852
0 0.767448 0.135648 0.027604 0.119444
0 0.495052 0.187037 0.073438 0.022222
