0 0.389844 0.295833 0.079687 0.034259
0 0.364063 0.34213 0.059375 0.021296
0 0.22526 0.509722 0.085938 0.056481
0 0.445052 0.700926 0.078646 0.061111
0 0.270573 0.438889 0.078646 0.038889
0 0.176042 0.746759 0.0625 0.139815
0 0.467969 0.502315 0.049479 0.130556
0 0.252344 0.238426 0.077604 0.063889
0 0.390104 0.358333 0.071875 0.046296
0 0.31276 0.491204 0.072396 0.058333
0 0.322656 0.438426 0.059896 0.028704
0 0.401302 0.712963 0.094271 0.040741
0 0.384115 0.702778 0.067187 0.024074
0 0.37526 0.309722 0.078646 0.030556
0 0.317448 0.584259 0.023438 0.142593
0 0.534896 0.443056 0.038542 0.132407
0 0.370052 0.772222 0.071354 0.075926
