0 0.485677 0.19213 0.079687 0.039815
0 0.270313 0.400926 0.038542 0.12037
0 0.457552 0.416204 0.077604 0.047222
0 0.655729 0.836111 0.0875 0.053704
0 0.363021 0.41713 0.064583 0.099074
0 0.441406 0.490278 0.079687 0.062037
0 0.533333 0.051389 0.066667 0.076852
0 0.522135 0.556481 0.052604 0.101852
0 0.861719 0.198611 0.019271 0.126852
0 0.539323 0.555556 0.050521 0.112963
0 0.489844 0.398148 0.034896 0.116667
0 0.690104 0.285185 0.071875 0.07037
0 0.404167 0.237963 0.070833 0.037037
0 0.522656 0.672685 0.036979 0.130556
0 0.357031 0.240741 0.038021 0.118519
0 0.332031 0.632407 0.040104 0.133333
0 0.439844 0.262037 0.064062 0.051852
0 0.757552 0.235185 0.032813 0.12963
0 0.784375 0.186111 0.042708 0.105556
0 0.56849 0.381481 0.071354 0.074074
