0 0.478646 0.606944 0.038542 0.121296
0 0.166927 0.411574 0.086979 0.039815
0 0.053125 0.459259 0.01875 0.133333
0 0.14349 0.30463 0.081771 0.051852
0 0.060677 0.869907 0.035937 0.152778
0 0.314583 0.772685 0.079167 0.047222
0 0.455469 0.32963 0.083854 0.051852
0 0.629427 0.670833 0.068229 0.067593
0 0.689063 0.279167 0.073958 0.069444
0 0.46276 0.356019 0.057812 0.05463
0 0.273698 0.4375 0.069271 0.071296
0 0.367188 0.748148 0.082292 0.059259
0 0.446875 0.573611 0.048958 0.086111
0 0.434896 0.510648 0.079167 0.047222
0 0.640365 0.646759 0.072396 0.089815
0 0.429688 0.408796 0.059375 0.065741
0 0.366146 0.439352 0.066667 0.075
0 0.44974 0.366667 0.038021 0.044444
0 0.470052 0.450926 0.027604 0.116667
1 0.0375 0.349537 0.057292 0.082407
