0 0.23776 0.301852 0.021354 0.12037
0 0.385156 0.47037 0.080729 0.040741
0 0.217708 0.186111 0.017708 0.127778
0 0.153906 0.355556 0.082812 0.040741
0 0.546094 0.85787 0.090104 0.049074
0 0.57526 0.551852 0.078646 0.059259
0 0.367969 0.805093 0.085938 0.052778
0 0.313021 0.256481 0.080208 0.02037
0 0.504687 0.299074 0.063542 0.094444
0 0.780469 0.503241 0.072396 0.056481
0 0.829427 0.483333 0.061979 0.103704
0 0.28125 0.217593 0.072917 0.027778
0 0.389323 0.41713 0.069271 0.078704
0 0.277083 0.25787 0.05 0.075
0 0.53724 0.202315 0.032813 0.123148
0 0.614844 0.705556 0.074479 0.066667
0 0.23724 0.535185 0.052604 0.109259
0 0.744271 0.599537 0.05 0.09537
0 0.569271 0.651852 0.051042 0.109259
