0 0.689844 0.293981 0.028646 0.134259
0 0.526042 0.872222 0.021875 0.155556
0 0.267188 0.192593 0.084375 0.038889
0 0.763802 0.61713 0.077604 0.043519
0 0.403125 0.864352 0.089583 0.047222
0 0.477083 0.224537 0.084375 0.034259
0 0.334375 0.397222 0.076042 0.025926
0 0.380469 0.388889 0.066146 0.044444
0 0.813542 0.102778 0.038542 0.109259
0 0.18099 0.378704 0.088021 0.103704
0 0.334115 0.785648 0.076563 0.078704
0 0.472396 0.678704 0.075 0.07963
0 0.407552 0.44537 0.076563 0.059259
0 0.35625 0.348611 0.057292 0.071296
0 0.474479 0.432407 0.071875 0.027778
0 0.297917 0.349537 0.039583 0.123148
0 0.766146 0.597222 0.072917 0.064815
0 0.519792 0.38287 0.066667 0.084259
0 0.520312 0.593056 0.052083 0.110185
