0 0.632292 0.862037 0.020833 0.15
0 0.340104 0.720833 0.022917 0.15463
0 0.552865 0.509259 0.028646 0.138889
0 0.240885 0.210185 0.033854 0.125926
0 0.266667 0.460648 0.017708 0.130556
0 0.55599 0.198611 0.076563 0.034259
0 0.49349 0.544444 0.016146 0.142593
0 0.454687 0.141204 0.015625 0.097222
0 0.771354 0.144444 0.042708 0.111111
0 0.538281 0.175 0.073438 0.022222
0 0.442188 0.199074 0.075 0.031481
0 0.461198 0.091204 0.071354 0.041667
0 0.7625 0.068056 0.080208 0.047222
0 0.706771 0.8125 0.060417 0.119444
0 0.540625 0.587037 0.060417 0.092593
0 0.261458 0.385648 0.038542 0.108333
0 0.472135 0.156944 0.039062 0.099074
0 0.947396 0.158333 0.080208 0.061111
0 0.698438 0.556944 0.076042 0.075
0 0.783333 0.132407 0.042708 0.083333
