0 0.535677 0.646296 0.028646 0.140741
0 0.530208 0.3 0.022917 0.116667
0 0.248177 0.070833 0.023438 0.126852
0 0.556771 0.214815 0.08125 0.040741
0 0.575781 0.111111 0.079687 0.048148
0 0.260156 0.391667 0.079687 0.035185
0 0.328125 0.413426 0.075 0.041667
0 0.482031 0.596759 0.053646 0.112037
0 0.795833 0.221296 0.071875 0.075926
0 0.609635 0.800926 0.082812 0.075926
0 0.514844 0.759259 0.034896 0.094444
0 0.778385 0.266667 0.045312 0.109259
0 0.527865 0.740741 0.031771 0.122222
0 0.51901 0.418981 0.066146 0.067593
0 0.532292 0.483796 0.067708 0.071296
0 0.482292 0.671759 0.058333 0.091667
0 0.35625 0.237037 0.064583 0.077778
0 0.245312 0.276389 0.059375 0.099074
