0 0.893229 0.27037 0.027083 0.133333
0 0.482292 0.671296 0.035417 0.131481
0 0.482552 0.847685 0.084896 0.034259
0 0.4625 0.36713 0.039583 0.128704
0 0.905469 0.104167 0.078646 0.058333
0 0.505729 0.28287 0.020833 0.117593
0 0.444792 0.171296 0.01875 0.127778
0 0.486458 0.549537 0.03125 0.119444
0 0.513802 0.511574 0.058854 0.102778
0 0.326562 0.320833 0.014583 0.119444
0 0.310156 0.427778 0.077604 0.068519
0 0.311719 0.284722 0.036979 0.10463
0 0.276302 0.337963 0.063021 0.07037
0 0.7625 0.093981 0.059375 0.078704
0 0.642448 0.850463 0.078646 0.080556
0 0.491406 0.210648 0.031771 0.073148
0 0.501302 0.615278 0.019271 0.080556
0 0.723437 0.168056 0.019792 0.128704
0 0.74349 0.18287 0.040104 0.117593
0 0.352604 0.180093 0.036458 0.108333
