0 0.245312 0.217593 0.023958 0.135185
0 0.56276 0.233333 0.081771 0.042593
0 0.474479 0.355556 0.079167 0.055556
0 0.698177 0.18287 0.061979 0.089815
0 0.782292 0.117593 0.079167 0.05
0 0.38776 0.421296 0.043229 0.12037
0 0.194271 0.385648 0.041667 0.113889
0 0.782292 0.202778 0.067708 0.085185
0 0.317448 0.3625 0.067187 0.091667
0 0.479167 0.245833 0.044792 0.106481
0 0.521354 0.556019 0.039583 0.110185
0 0.872917 0.210648 0.057292 0.100926
0 0.52526 0.494907 0.067187 0.084259
0 0.451302 0.742593 0.075521 0.062963
0 0.358854 0.162037 0.05 0.085185
0 0.488021 0.127778 0.064583 0.085185
0 0.630469 0.772685 0.069271 0.100926
0 0.422396 0.169444 0.059375 0.077778
0 0.418229 0.326852 0.060417 0.088889
0 0.494792 0.491667 0.023958 0.122222
