0 0.489583 0.319444 0.026042 0.114815
0 0.499479 0.576852 0.032292 0.111111
0 0.244792 0.286574 0.020833 0.134259
0 0.47474 0.853704 0.090104 0.040741
0 0.634896 0.716667 0.034375 0.142593
0 0.171615 0.299074 0.038021 0.122222
0 0.399219 0.085185 0.057812 0.088889
0 0.831771 0.260648 0.078125 0.060185
0 0.480729 0.5875 0.036458 0.123148
0 0.301823 0.334259 0.067187 0.07963
0 0.514062 0.222222 0.079167 0.046296
0 0.701302 0.115278 0.020313 0.123148
0 0.435156 0.177315 0.073438 0.032407
0 0.461198 0.346296 0.051562 0.07963
0 0.128646 0.106944 0.072917 0.060185
0 0.466406 0.498611 0.077604 0.049074
0 0.520573 0.506481 0.035937 0.127778
0 0.525781 0.355556 0.031771 0.118519
0 0.68151 0.223148 0.082812 0.033333
