0 0.571354 0.743981 0.027083 0.137963
0 0.84349 0.1625 0.035937 0.115741
0 0.56224 0.613889 0.025521 0.140741
0 0.354687 0.173148 0.08125 0.037037
0 0.38724 0.405556 0.080729 0.033333
0 0.5 0.190741 0.083333 0.040741
0 0.342448 0.728704 0.063021 0.090741
0 0.410417 0.270833 0.047917 0.102778
0 0.280208 0.400463 0.073958 0.060185
0 0.308854 0.347222 0.085417 0.02963
0 0.397917 0.753241 0.075 0.060185
0 0.626042 0.325 0.076042 0.066667
0 0.528125 0.391667 0.045833 0.109259
0 0.430208 0.366667 0.069792 0.07037
0 0.542969 0.321759 0.077604 0.039815
0 0.169792 0.122685 0.069792 0.050926
0 0.711458 0.593981 0.027083 0.130556
0 0.747656 0.487963 0.030729 0.135185
0 0.559115 0.397222 0.044271 0.103704
0 0.183333 0.110648 0.095833 0.030556
