0 0.521354 0.378704 0.01875 0.124074
0 0.51901 0.557407 0.030729 0.125926
0 0.313281 0.418056 0.077604 0.043519
0 0.5 0.626389 0.038542 0.125
0 0.721615 0.034722 0.078646 0.032407
0 0.397396 0.339352 0.08125 0.034259
0 0.134375 0.128704 0.078125 0.053704
0 0.360938 0.438889 0.083333 0.035185
0 0.599219 0.210185 0.051562 0.088889
0 0.708333 0.601852 0.09375 0.046296
0 0.526563 0.262037 0.047917 0.092593
0 0.227083 0.384722 0.055208 0.106481
0 0.302865 0.15787 0.045312 0.113889
0 0.591146 0.230093 0.065625 0.076852
0 0.548698 0.906019 0.080729 0.082407
0 0.489583 0.192593 0.080208 0.033333
0 0.475521 0.414352 0.066667 0.082407
0 0.395052 0.165741 0.049479 0.094444
0 0.048958 0.251389 0.075 0.073148
