0 0.350781 0.722685 0.022396 0.149074
0 0.344792 0.387037 0.070833 0.038889
0 0.732031 0.62037 0.021354 0.12963
0 0.398958 0.760185 0.073958 0.044444
0 0.203125 0.154167 0.071875 0.041667
0 0.263542 0.448148 0.079167 0.031481
0 0.423177 0.327778 0.052604 0.088889
0 0.497135 0.351852 0.056771 0.083333
0 0.528125 0.336574 0.076042 0.034259
0 0.448958 0.381944 0.057292 0.076852
0 0.602865 0.27963 0.067187 0.075926
0 0.383073 0.330556 0.064062 0.075926
0 0.299219 0.372685 0.043229 0.112037
0 0.177083 0.121759 0.069792 0.062037
0 0.548438 0.596296 0.036458 0.137037
0 0.548438 0.419907 0.028125 0.125
0 0.556771 0.738426 0.035417 0.139815
0 0.817448 0.182407 0.055729 0.090741
0 0.779948 0.551389 0.060937 0.09537
0 0.495573 0.177778 0.073438 0.07037
