0 0.55599 0.631944 0.032813 0.125
0 0.805729 0.188426 0.022917 0.123148
0 0.12526 0.147222 0.080729 0.046296
0 0.242708 0.312037 0.076042 0.062963
0 0.380469 0.71713 0.075521 0.065741
0 0.6875 0.82963 0.078125 0.059259
0 0.43776 0.415278 0.071354 0.062037
0 0.44974 0.696759 0.068229 0.091667
0 0.208594 0.755556 0.050521 0.135185
0 0.534115 0.521296 0.084896 0.027778
0 0.536979 0.57037 0.061458 0.088889
0 0.526042 0.35787 0.013542 0.125
0 0.189844 0.327315 0.073438 0.060185
0 0.514323 0.210185 0.055729 0.096296
0 0.363021 0.426389 0.076042 0.047222
0 0.561458 0.459259 0.044792 0.111111
0 0.698438 0.758796 0.08125 0.065741
0 0.510156 0.352315 0.027604 0.126852
0 0.283073 0.118519 0.041146 0.122222
0 0.525 0.460648 0.053125 0.086111
