2 0.559896 0.254167 0.019792 0.067593
2 0.743229 0.117593 0.019792 0.042593
2 0.791406 0.221759 0.028646 0.037963
2 0.55599 0.177315 0.040104 0.043519
2 0.480729 0.158796 0.019792 0.062037
2 0.261979 0.299537 0.036458 0.069444
2 0.442448 0.285185 0.031771 0.038889
2 0.163281 0.164815 0.052604 0.044444
2 0.53776 0.616204 0.046354 0.036111
2 0.448177 0.057407 0.042188 0.066667
2 0.425 0.326389 0.039583 0.050926
0 0.559375 0.409259 0.019792 0.122222
0 0.386979 0.622222 0.019792 0.15
0 0.169271 0.297222 0.084375 0.042593
0 0.380469 0.234722 0.078646 0.043519
0 0.551562 0.84213 0.045833 0.106481
0 0.516406 0.803704 0.079687 0.033333
0 0.34401 0.376852 0.060937 0.059259
0 0.54349 0.325463 0.057812 0.076852
0 0.713542 0.256944 0.048958 0.10463
1 0.3125 0.332407 0.016667 0.122222
1 0.859375 0.399074 0.065625 0.088889
1 0.515365 0.670833 0.016146 0.112037
1 0.492969 0.634259 0.047396 0.109259
1 0.545052 0.433333 0.022396 0.075926
1 0.502344 0.388426 0.061979 0.062037
0 0.541406 0.549074 0.034896 0.133333
