2 0.813021 0.630556 0.044792 0.074074
2 0.821615 0.203241 0.020313 0.043519
2 0.482292 0.19213 0.027083 0.058333
2 0.866927 0.19213 0.021354 0.039815
2 0.30026 0.354167 0.047396 0.065741
2 0.335156 0.29213 0.043229 0.062037
2 0.633854 0.668519 0.017708 0.083333
2 0.490625 0.343519 0.032292 0.035185
0 0.371354 0.308796 0.044792 0.065741
2 0.80599 0.256019 0.030729 0.049074
2 0.529687 0.368056 0.045833 0.056481
2 0.45 0.386574 0.022917 0.073148
2 0.15 0.164352 0.046875 0.065741
0 0.585156 0.293981 0.071354 0.065741
0 0.521875 0.691667 0.079167 0.033333
0 0.291146 0.516667 0.060417 0.101852
0 0.480469 0.699074 0.038021 0.12963
0 0.458073 0.318981 0.065104 0.084259
1 0.510677 0.687037 0.025521 0.137037
0 0.604427 0.413889 0.051562 0.105556
0 0.529948 0.414815 0.066146 0.061111
0 0.638021 0.885648 0.019792 0.139815
0 0.814583 0.296759 0.0625 0.087963
1 0.815104 0.527315 0.054167 0.121296
1 0.345313 0.424537 0.061458 0.080556
1 0.633073 0.406481 0.015104 0.116667
1 0.629167 0.700463 0.009375 0.113889
0 0.585417 0.317593 0.064583 0.074074
