2 0.667448 0.297685 0.024479 0.039815
2 0.2375 0.464815 0.03125 0.046296
2 0.688021 0.347685 0.022917 0.04537
2 0.524219 0.569444 0.024479 0.055556
2 0.517708 0.163889 0.0375 0.037037
2 0.768229 0.122685 0.022917 0.076852
2 0.313281 0.356019 0.045312 0.060185
2 0.658854 0.554167 0.045833 0.069444
2 0.8125 0.354167 0.036458 0.078704
2 0.48724 0.230556 0.039062 0.057407
2 0.469792 0.101389 0.051042 0.047222
2 0.516146 0.290278 0.017708 0.04537
2 0.163021 0.901389 0.041667 0.076852
0 0.216406 0.343519 0.023438 0.133333
0 0.53776 0.655556 0.018229 0.131481
0 0.296615 0.673148 0.086979 0.053704
0 0.590625 0.796759 0.084375 0.043519
0 0.389583 0.176389 0.067708 0.058333
0 0.501302 0.452778 0.020313 0.137037
0 0.519792 0.352315 0.028125 0.119444
1 0.48099 0.300926 0.040104 0.114815
1 0.527865 0.501389 0.036979 0.106481
1 0.542448 0.225 0.057812 0.062963
1 0.279948 0.313426 0.057812 0.069444
0 0.474219 0.846759 0.045312 0.14537
1 0.313802 0.200926 0.060937 0.066667
1 0.152083 0.889815 0.072917 0.057407
1 0.270313 0.233333 0.035417 0.109259
2 0.502865 0.178241 0.035937 0.036111
