2 0.765104 0.157407 0.019792 0.042593
2 0.302344 0.068056 0.033854 0.047222
2 0.738542 0.231019 0.020833 0.041667
2 0.28125 0.371296 0.019792 0.075926
2 0.728385 0.265278 0.035937 0.036111
2 0.628646 0.8125 0.047917 0.067593
2 0.404167 0.370833 0.023958 0.047222
2 0.226562 0.425463 0.03125 0.075
2 0.144271 0.181019 0.052083 0.043519
2 0.257031 0.401852 0.027604 0.072222
2 0.508594 0.364352 0.024479 0.063889
2 0.686458 0.626852 0.03125 0.077778
2 0.40625 0.35 0.028125 0.081481
0 0.252083 0.581481 0.020833 0.140741
0 0.627604 0.939352 0.082292 0.047222
0 0.436719 0.872222 0.080729 0.042593
0 0.221875 0.309722 0.076042 0.04537
0 0.695573 0.318519 0.080729 0.055556
0 0.330469 0.2875 0.065104 0.080556
0 0.480729 0.274537 0.06875 0.076852
0 0.403646 0.822685 0.079167 0.052778
0 0.403646 0.275 0.064583 0.062963
0 0.501302 0.453241 0.068229 0.075
1 0.531771 0.704167 0.03125 0.136111
1 0.716406 0.648611 0.019271 0.147222
1 0.422917 0.757407 0.042708 0.131481
1 0.50026 0.39213 0.038021 0.093519
1 0.436198 0.430556 0.041146 0.103704
1 0.273438 0.492593 0.054167 0.074074
1 0.48151 0.399537 0.059896 0.073148
