2 0.734115 0.222222 0.025521 0.037037
2 0.373177 0.349537 0.020313 0.073148
2 0.43724 0.16713 0.022396 0.060185
2 0.078125 0.209722 0.03125 0.078704
2 0.397917 0.315741 0.03125 0.033333
2 0.223698 0.334259 0.036979 0.057407
2 0.745313 0.143519 0.016667 0.044444
2 0.334375 0.0375 0.032292 0.075
2 0.478385 0.278241 0.029687 0.067593
2 0.664062 0.281944 0.025 0.063889
2 0.409635 0.31713 0.046354 0.034259
2 0.497917 0.6375 0.047917 0.034259
0 0.359896 0.694444 0.021875 0.151852
0 0.520833 0.421759 0.033333 0.106481
0 0.135937 0.349537 0.084375 0.047222
0 0.34375 0.276852 0.078125 0.046296
0 0.536198 0.922685 0.036979 0.130556
0 0.467187 0.761111 0.079167 0.061111
0 0.395052 0.655556 0.014063 0.140741
0 0.69375 0.279167 0.066667 0.071296
0 0.486719 0.340278 0.076563 0.04537
1 0.432031 0.350926 0.072396 0.031481
1 0.805469 0.441204 0.066146 0.087963
1 0.26276 0.396759 0.033854 0.063889
1 0.479167 0.702315 0.071875 0.034259
0 0.275 0.375 0.067708 0.051852
1 0.463021 0.558796 0.05 0.119444
1 0.506771 0.465741 0.033333 0.112963
1 0.520312 0.47037 0.034375 0.114815
