2 0.377604 0.421759 0.040625 0.069444
2 0.683333 0.406481 0.026042 0.046296
2 0.533594 0.177315 0.017188 0.075
2 0.273177 0.535185 0.025521 0.051852
2 0.73724 0.471296 0.022396 0.05
2 0.478646 0.218519 0.025 0.061111
2 0.561458 0.253241 0.0375 0.089815
2 0.58151 0.568519 0.030729 0.044444
2 0.808594 0.510648 0.030729 0.087963
2 0.233854 0.799537 0.027083 0.087963
2 0.564844 0.116667 0.028646 0.075926
2 0.431771 0.256944 0.027083 0.063889
2 0.664323 0.460648 0.042188 0.071296
2 0.560417 0.413426 0.035417 0.076852
1 0.315625 0.214815 0.027083 0.122222
0 0.601302 0.705556 0.025521 0.131481
0 0.558854 0.633796 0.071875 0.058333
0 0.521615 0.583333 0.020313 0.140741
1 0.297396 0.436574 0.040625 0.10463
1 0.379688 0.181944 0.047917 0.106481
1 0.230208 0.871296 0.083333 0.05
0 0.438802 0.414352 0.039062 0.128704
0 0.334635 0.388426 0.020313 0.121296
0 0.431771 0.752315 0.059375 0.117593
0 0.280469 0.293056 0.031771 0.121296
0 0.322135 0.537037 0.061979 0.1
1 0.386458 0.201389 0.055208 0.078704
0 0.571094 0.5 0.055729 0.094444
