2 0.235156 0.647685 0.026562 0.043519
2 0.304427 0.799074 0.031771 0.033333
2 0.404427 0.910185 0.044271 0.075926
2 0.277083 0.363426 0.03125 0.039815
2 0.310417 0.434722 0.023958 0.036111
2 0.253646 0.380556 0.0375 0.05
2 0.517969 0.228241 0.027604 0.050926
2 0.773438 0.184259 0.025 0.033333
2 0.398958 0.817593 0.019792 0.094444
2 0.50651 0.682407 0.038021 0.059259
2 0.527344 0.818519 0.035937 0.090741
2 0.270573 0.797685 0.031771 0.034259
2 0.236719 0.773148 0.025521 0.038889
2 0.254427 0.784259 0.060937 0.057407
2 0.474479 0.560185 0.026042 0.057407
2 0.50625 0.401389 0.028125 0.04537
2 0.802604 0.162963 0.028125 0.066667
2 0.615885 0.832407 0.020313 0.038889
2 0.56849 0.924074 0.049479 0.040741
2 0.438281 0.861111 0.048438 0.044444
2 0.396615 0.852315 0.022396 0.032407
2 0.221094 0.536111 0.031771 0.059259
2 0.205729 0.581944 0.051042 0.052778
2 0.422396 0.37037 0.0125 0.031481
2 0.521875 0.865741 0.028125 0.081481
0 0.599219 0.752315 0.092188 0.036111
0 0.252344 0.293981 0.024479 0.126852
0 0.733854 0.266667 0.079167 0.064815
0 0.460938 0.479167 0.076042 0.050926
0 0.195833 0.477778 0.038542 0.131481
0 0.422396 0.425 0.075 0.031481
0 0.85651 0.083796 0.048438 0.097222
0 0.433594 0.580556 0.058854 0.111111
1 0.515365 0.327778 0.025521 0.112963
1 0.478646 0.428241 0.059375 0.063889
1 0.480469 0.456019 0.066146 0.025
1 0.278125 0.436574 0.070833 0.058333
1 0.457552 0.362037 0.068229 0.064815
1 0.510417 0.483333 0.066667 0.022222
1 0.526563 0.447685 0.045833 0.047222
