2 0.736458 0.418981 0.051042 0.089815
2 0.667448 0.328704 0.035937 0.046296
2 0.723437 0.349537 0.028125 0.049074
2 0.692969 0.105556 0.048438 0.081481
2 0.545052 0.186574 0.021354 0.076852
2 0.560677 0.280556 0.034896 0.061111
2 0.55599 0.586111 0.038021 0.07037
2 0.710677 0.625 0.047396 0.098148
0 0.584635 0.796296 0.072396 0.122222
0 0.469271 0.787963 0.076042 0.103704
0 0.327083 0.700463 0.085417 0.093519
1 0.160677 0.8 0.083854 0.027778
2 0.184375 0.862037 0.030208 0.077778
2 0.332552 0.374074 0.051562 0.072222
0 0.410938 0.367593 0.03125 0.146296
2 0.260417 0.478241 0.0375 0.056481
0 0.26276 0.351852 0.026562 0.157407
1 0.282552 0.329167 0.019271 0.123148
0 0.24974 0.213889 0.025521 0.12963
1 0.310156 0.153241 0.071354 0.041667
0 0.338802 0.2125 0.068229 0.063889
1 0.483333 0.201389 0.066667 0.025
1 0.51276 0.270833 0.029687 0.115741
0 0.548958 0.464815 0.027083 0.15
1 0.515625 0.525926 0.033333 0.124074
0 0.519531 0.593056 0.028646 0.123148
2 0.500781 0.151852 0.024479 0.068519
2 0.533333 0.275 0.030208 0.072222
