2 0.74375 0.158796 0.019792 0.041667
2 0.783333 0.131944 0.021875 0.036111
2 0.720833 0.631944 0.041667 0.065741
2 0.408333 0.30787 0.016667 0.04537
2 0.282031 0.380556 0.034896 0.040741
2 0.167448 0.159722 0.035937 0.080556
2 0.782292 0.461111 0.033333 0.066667
2 0.225 0.358796 0.033333 0.065741
2 0.629427 0.733796 0.049479 0.037963
2 0.327344 0.358333 0.028646 0.037037
2 0.247396 0.32963 0.042708 0.033333
0 0.26875 0.508333 0.023958 0.135185
1 0.442969 0.743056 0.083854 0.023148
0 0.478385 0.207407 0.056771 0.092593
1 0.402083 0.718519 0.083333 0.027778
0 0.350521 0.360185 0.065625 0.062963
0 0.641667 0.347222 0.060417 0.1
0 0.214062 0.299074 0.070833 0.042593
0 0.386198 0.287963 0.057812 0.088889
0 0.516667 0.377778 0.070833 0.066667
0 0.622917 0.80463 0.070833 0.068519
1 0.544271 0.601389 0.021875 0.134259
1 0.490625 0.320833 0.065625 0.04537
1 0.719271 0.55787 0.019792 0.112037
1 0.405729 0.342593 0.057292 0.046296
1 0.274219 0.409259 0.050521 0.07963
