2 0.475 0.37963 0.01875 0.068519
2 0.452083 0.296759 0.030208 0.049074
2 0.41849 0.381019 0.024479 0.047222
2 0.297135 0.749537 0.027604 0.036111
2 0.390365 0.833796 0.024479 0.036111
2 0.832552 0.178241 0.024479 0.036111
2 0.479167 0.57037 0.033333 0.044444
2 0.485677 0.789815 0.015104 0.07963
2 0.336458 0.880556 0.01875 0.035185
2 0.344792 0.390278 0.011458 0.028704
2 0.248438 0.742593 0.064583 0.051852
2 0.803906 0.112037 0.041146 0.066667
2 0.36875 0.386111 0.022917 0.037037
2 0.20599 0.490278 0.036979 0.060185
2 0.198958 0.547222 0.020833 0.046296
2 0.48776 0.86713 0.043229 0.067593
2 0.58099 0.833333 0.027604 0.072222
2 0.185417 0.540278 0.052083 0.056481
2 0.459375 0.868056 0.03125 0.056481
2 0.573177 0.881944 0.032813 0.04537
2 0.653385 0.794444 0.016146 0.031481
2 0.472656 0.668981 0.031771 0.039815
0 0.642448 0.729167 0.019271 0.132407
0 0.680469 0.079167 0.073438 0.069444
0 0.21276 0.224537 0.073438 0.067593
0 0.691406 0.760648 0.053646 0.115741
0 0.507552 0.165741 0.020313 0.114815
2 0.503646 0.922685 0.015625 0.093519
0 0.380208 0.24537 0.064583 0.061111
0 0.503125 0.680093 0.044792 0.128704
0 0.235156 0.362963 0.070312 0.085185
1 0.442969 0.198148 0.072396 0.046296
1 0.471875 0.422222 0.065625 0.064815
1 0.5 0.506481 0.014583 0.125926
1 0.504167 0.414352 0.042708 0.052778
1 0.344792 0.42037 0.072917 0.037037
1 0.313281 0.390278 0.068229 0.025
1 0.423437 0.688426 0.0625 0.102778
0 0.392448 0.426852 0.070312 0.037037
2 0.51276 0.209259 0.021354 0.051852
