2 0.713281 0.812037 0.046354 0.07963
2 0.526302 0.516204 0.030729 0.086111
2 0.740104 0.188889 0.021875 0.042593
2 0.473177 0.516667 0.034896 0.044444
2 0.526302 0.346296 0.043229 0.072222
2 0.770833 0.181944 0.021875 0.04537
2 0.522135 0.37963 0.034896 0.040741
2 0.767448 0.515278 0.023438 0.089815
2 0.457292 0.283796 0.035417 0.078704
2 0.240365 0.361574 0.036979 0.058333
2 0.546875 0.966204 0.042708 0.050926
2 0.288542 0.575 0.027083 0.062963
2 0.23724 0.466204 0.036979 0.067593
0 0.707812 0.240278 0.022917 0.130556
1 0.372917 0.831019 0.085417 0.041667
1 0.365885 0.402778 0.077604 0.035185
0 0.344531 0.46713 0.081771 0.034259
0 0.410156 0.477315 0.049479 0.100926
0 0.48151 0.253241 0.065104 0.091667
0 0.271615 0.801852 0.078646 0.074074
0 0.25599 0.393056 0.070312 0.04537
0 0.71849 0.621759 0.031771 0.137963
0 0.284115 0.275 0.075521 0.072222
1 0.540365 0.896759 0.023438 0.141667
1 0.455469 0.103704 0.055729 0.096296
1 0.6125 0.039815 0.0625 0.07963
2 0.095052 0.281481 0.044271 0.077778
1 0.532813 0.721296 0.01875 0.153704
0 0.249479 0.425463 0.077083 0.017593
0 0.517188 0.899537 0.019792 0.167593
