2 0.213281 0.463889 0.025521 0.055556
2 0.849479 0.39537 0.023958 0.040741
2 0.436719 0.156944 0.023438 0.05463
2 0.51875 0.516204 0.019792 0.063889
2 0.332292 0.273611 0.029167 0.069444
2 0.632031 0.750926 0.039062 0.042593
2 0.519531 0.318981 0.042188 0.067593
2 0.816406 0.373148 0.024479 0.077778
2 0.51849 0.412037 0.027604 0.07963
2 0.807031 0.433796 0.030729 0.050926
2 0.226562 0.36713 0.047917 0.047222
2 0.434896 0.208333 0.041667 0.062963
0 0.77474 0.440741 0.030729 0.131481
0 0.521094 0.780556 0.028646 0.148148
0 0.700781 0.535185 0.020313 0.142593
0 0.198177 0.283333 0.077604 0.037037
0 0.534635 0.236111 0.066146 0.062963
0 0.253646 0.641667 0.08125 0.059259
0 0.429167 0.333796 0.071875 0.067593
0 0.336198 0.349537 0.078646 0.021296
0 0.390625 0.313889 0.071875 0.033333
0 0.347135 0.383796 0.071354 0.060185
0 0.675 0.695833 0.042708 0.123148
1 0.429427 0.493519 0.072396 0.055556
1 0.33776 0.691667 0.076563 0.053704
1 0.690885 0.280556 0.074479 0.062963
1 0.552604 0.807407 0.045833 0.118519
