2 0.24375 0.543981 0.029167 0.050926
2 0.532552 0.551852 0.035937 0.053704
2 0.576302 0.052315 0.021354 0.067593
2 0.55625 0.320833 0.020833 0.047222
2 0.84974 0.213889 0.032813 0.072222
2 0.47474 0.194444 0.042188 0.057407
2 0.711198 0.6 0.024479 0.077778
2 0.796094 0.256481 0.028646 0.081481
2 0.716667 0.379167 0.028125 0.067593
2 0.261979 0.295833 0.027083 0.078704
2 0.535937 0.200926 0.044792 0.033333
0 0.428646 0.763889 0.036458 0.140741
0 0.604948 0.823148 0.038021 0.125926
0 0.283594 0.375463 0.089063 0.034259
0 0.322656 0.300463 0.072396 0.058333
0 0.627344 0.548148 0.077604 0.075926
0 0.328906 0.718981 0.070312 0.097222
0 0.75625 0.675463 0.060417 0.089815
0 0.441927 0.120833 0.066146 0.071296
0 0.473438 0.271296 0.065625 0.07037
1 0.570312 0.231019 0.027083 0.113889
1 0.51875 0.32037 0.034375 0.111111
1 0.385677 0.401852 0.058854 0.098148
1 0.64375 0.728704 0.079167 0.061111
1 0.197656 0.9375 0.046354 0.121296
1 0.541927 0.268981 0.015104 0.102778
