2 0.811979 0.176389 0.029167 0.043519
2 0.7125 0.058796 0.025 0.041667
2 0.454687 0.957407 0.042708 0.077778
2 0.261198 0.501852 0.039062 0.083333
2 0.599479 0.737963 0.034375 0.087037
2 0.513281 0.534259 0.031771 0.035185
2 0.269792 0.406944 0.025 0.030556
2 0.271875 0.315741 0.028125 0.075926
2 0.509375 0.62963 0.01875 0.057407
2 0.491406 0.197222 0.042188 0.048148
2 0.720313 0.581481 0.038542 0.081481
0 0.501302 0.39537 0.026562 0.124074
0 0.155729 0.374537 0.079167 0.028704
0 0.58724 0.394444 0.049479 0.107407
0 0.214583 0.430556 0.076042 0.066667
0 0.169792 0.823148 0.04375 0.144444
0 0.236979 0.379167 0.082292 0.026852
1 0.464323 0.465278 0.078646 0.067593
0 0.536979 0.556944 0.036458 0.128704
0 0.190625 0.343981 0.047917 0.025
1 0.30599 0.026852 0.075521 0.035185
1 0.245833 0.259259 0.0375 0.114815
1 0.508594 0.67963 0.070312 0.07037
1 0.450781 0.404167 0.081771 0.025
1 0.441406 0.456944 0.071354 0.071296
1 0.484896 0.573148 0.055208 0.066667
1 0.627604 0.592593 0.082292 0.07037
0 0.234635 0.334722 0.067187 0.056481
