2 0.494271 0.473148 0.022917 0.051852
2 0.734635 0.236111 0.017188 0.044444
2 0.691406 0.205556 0.024479 0.033333
2 0.727604 0.137963 0.034375 0.062963
2 0.205469 0.49537 0.024479 0.038889
2 0.475 0.597685 0.015625 0.056481
2 0.176563 0.516667 0.017708 0.059259
2 0.548177 0.634722 0.044271 0.050926
2 0.460938 0.470833 0.022917 0.073148
2 0.239583 0.61713 0.021875 0.093519
2 0.395052 0.459722 0.032813 0.086111
2 0.715365 0.682407 0.040104 0.081481
0 0.479948 0.621296 0.013021 0.111111
0 0.446615 0.418981 0.020313 0.132407
0 0.500521 0.5625 0.023958 0.136111
0 0.18151 0.5875 0.039062 0.134259
0 0.238021 0.812037 0.085417 0.053704
0 0.130729 0.456944 0.083333 0.036111
0 0.185417 0.407407 0.070833 0.066667
0 0.320573 0.212963 0.074479 0.057407
0 0.513542 0.712037 0.029167 0.140741
0 0.227344 0.439815 0.032813 0.111111
1 0.260677 0.09213 0.072396 0.032407
1 0.410677 0.618519 0.046354 0.122222
1 0.253646 0.463889 0.029167 0.066667
1 0.614844 0.768981 0.079687 0.058333
1 0.28099 0.454167 0.060937 0.071296
1 0.481771 0.72037 0.05 0.092593
