2 0.675 0.348611 0.027083 0.039815
2 0.584115 0.223611 0.034896 0.039815
2 0.758333 0.437037 0.026042 0.038889
2 0.725 0.519907 0.034375 0.073148
2 0.526302 0.206944 0.021354 0.052778
2 0.632552 0.07963 0.035937 0.064815
2 0.317708 0.466667 0.028125 0.040741
2 0.789323 0.493981 0.026562 0.082407
2 0.588281 0.190278 0.054688 0.037963
2 0.520573 0.149537 0.043229 0.049074
2 0.589583 0.646759 0.017708 0.056481
2 0.373437 0.362037 0.046875 0.044444
2 0.248698 0.877778 0.039062 0.081481
2 0.552604 0.313889 0.021875 0.083333
0 0.3 0.247222 0.017708 0.112963
0 0.59401 0.54213 0.026562 0.136111
0 0.590885 0.462963 0.014063 0.12037
0 0.548177 0.722685 0.042188 0.134259
0 0.364323 0.460648 0.064062 0.089815
0 0.433594 0.683796 0.053646 0.125
0 0.278125 0.208333 0.035417 0.085185
0 0.598437 0.701852 0.014583 0.122222
0 0.490625 0.402778 0.047917 0.112963
1 0.45625 0.19537 0.069792 0.064815
1 0.198437 0.819444 0.08125 0.072222
1 0.491146 0.216204 0.06875 0.034259
1 0.26849 0.150926 0.043229 0.101852
1 0.534635 0.323611 0.038021 0.097222
1 0.533073 0.546759 0.063021 0.100926
1 0.325781 0.358796 0.061979 0.069444
