2 0.503385 0.225926 0.031771 0.051852
2 0.325521 0.392593 0.020833 0.033333
2 0.649479 0.566204 0.021875 0.041667
2 0.185156 0.565278 0.025521 0.037963
2 0.475521 0.343981 0.01875 0.056481
2 0.425781 0.406481 0.022396 0.051852
2 0.829948 0.153241 0.019271 0.043519
2 0.288542 0.746296 0.020833 0.051852
2 0.560937 0.939815 0.0375 0.081481
2 0.478906 0.923148 0.040104 0.083333
2 0.247656 0.770833 0.068229 0.049074
2 0.23125 0.526389 0.034375 0.073148
2 0.367448 0.398148 0.028646 0.033333
2 0.49375 0.171759 0.036458 0.058333
2 0.457031 0.611574 0.024479 0.060185
2 0.377344 0.863426 0.022396 0.034259
2 0.422396 0.904167 0.019792 0.062037
2 0.469792 0.872222 0.063542 0.037037
2 0.626823 0.748611 0.024479 0.060185
2 0.174219 0.539352 0.051562 0.036111
2 0.863281 0.093056 0.022396 0.076852
2 0.436979 0.914352 0.017708 0.089815
2 0.428385 0.909259 0.026562 0.081481
2 0.477083 0.421296 0.020833 0.074074
0 0.480208 0.736574 0.021875 0.147222
0 0.346875 0.199537 0.072917 0.050926
0 0.265625 0.412963 0.080208 0.051852
0 0.215365 0.251852 0.064062 0.087037
0 0.68151 0.049074 0.043229 0.098148
0 0.68151 0.739815 0.068229 0.1
0 0.617188 0.816204 0.046875 0.106481
1 0.311719 0.345833 0.077604 0.041667
1 0.455469 0.153241 0.073438 0.069444
1 0.494271 0.564352 0.044792 0.112037
1 0.342448 0.429167 0.071354 0.034259
1 0.458854 0.461111 0.064583 0.066667
1 0.370833 0.448611 0.079167 0.030556
1 0.445312 0.785648 0.0375 0.149074
