2 0.458594 0.227315 0.035937 0.052778
2 0.663802 0.109722 0.025521 0.037963
2 0.279687 0.416204 0.032292 0.036111
2 0.386719 0.386111 0.046354 0.037037
2 0.719531 0.226389 0.027604 0.039815
2 0.115885 0.358333 0.051562 0.057407
2 0.429427 0.369907 0.023438 0.052778
2 0.519531 0.215278 0.030729 0.076852
2 0.519271 0.311111 0.01875 0.066667
2 0.291667 0.356019 0.04375 0.026852
2 0.551302 0.366667 0.024479 0.07963
2 0.492448 0.331944 0.028646 0.039815
2 0.380469 0.296759 0.036979 0.075
0 0.455208 0.298611 0.080208 0.037963
0 0.260156 0.361574 0.093229 0.041667
0 0.541667 0.566204 0.01875 0.128704
0 0.516667 0.610648 0.015625 0.134259
0 0.523177 0.458796 0.017188 0.121296
0 0.522917 0.75787 0.020833 0.09537
0 0.485156 0.400926 0.014063 0.12037
0 0.544792 0.778704 0.03125 0.137037
0 0.352865 0.764815 0.088021 0.051852
0 0.317188 0.428704 0.0375 0.118519
0 0.472135 0.709722 0.018229 0.143519
1 0.739583 0.098148 0.025 0.127778
1 0.466406 0.376389 0.053646 0.043519
1 0.305469 0.206019 0.075521 0.056481
1 0.54401 0.694907 0.020313 0.102778
1 0.510417 0.414352 0.0125 0.086111
0 0.529948 0.350463 0.021354 0.10463
