2 0.114583 0.221759 0.046875 0.071296
2 0.147135 0.817593 0.065104 0.038889
2 0.28151 0.322685 0.044271 0.067593
2 0.342708 0.323148 0.039583 0.066667
2 0.227865 0.401852 0.035937 0.048148
2 0.810677 0.298148 0.048438 0.059259
2 0.786198 0.513426 0.047396 0.062037
2 0.392448 0.239352 0.023438 0.062037
2 0.7625 0.039815 0.028125 0.031481
2 0.571615 0.856481 0.024479 0.075926
2 0.507292 0.356944 0.030208 0.073148
2 0.48125 0.286111 0.028125 0.087037
0 0.50651 0.180093 0.026562 0.126852
0 0.340365 0.461111 0.076563 0.055556
0 0.760417 0.164352 0.08125 0.028704
0 0.222656 0.169444 0.058854 0.092593
0 0.553906 0.434722 0.063021 0.071296
0 0.835156 0.424537 0.075521 0.082407
1 0.464844 0.740741 0.073438 0.074074
0 0.519271 0.811574 0.0625 0.080556
0 0.550521 0.325 0.032292 0.109259
1 0.520573 0.390278 0.077604 0.013889
0 0.538802 0.724074 0.018229 0.142593
1 0.259896 0.153241 0.036458 0.115741
1 0.740365 0.100926 0.024479 0.109259
2 0.751042 0.077315 0.019792 0.032407
0 0.557813 0.533333 0.042708 0.127778
1 0.550521 0.594444 0.017708 0.122222
0 0.534635 0.581481 0.020313 0.125926
1 0.434115 0.299074 0.069271 0.042593
2 0.427604 0.278241 0.027083 0.037963
