2 0.785417 0.177778 0.028125 0.040741
2 0.747917 0.135648 0.025 0.034259
2 0.226823 0.404167 0.020313 0.087963
2 0.284375 0.351852 0.019792 0.055556
2 0.670573 0.676852 0.032813 0.083333
2 0.319271 0.3 0.03125 0.075926
2 0.261979 0.397222 0.041667 0.031481
2 0.765365 0.456019 0.027604 0.073148
2 0.494271 0.255093 0.046875 0.036111
2 0.407552 0.356481 0.031771 0.046296
2 0.613542 0.641667 0.0375 0.07037
0 0.207552 0.302315 0.056771 0.091667
0 0.446094 0.18287 0.028646 0.125
0 0.435156 0.800926 0.073438 0.061111
0 0.382812 0.401852 0.071875 0.040741
0 0.21875 0.460185 0.022917 0.111111
0 0.358854 0.750926 0.078125 0.07037
0 0.378906 0.314815 0.042188 0.109259
0 0.24375 0.480556 0.044792 0.112963
0 0.954167 0.473148 0.080208 0.053704
1 0.548177 0.556944 0.056771 0.091667
1 0.467708 0.280093 0.051042 0.080556
1 0.455208 0.326852 0.070833 0.031481
1 0.422917 0.305093 0.059375 0.075
1 0.484115 0.344907 0.067187 0.069444
1 0.486198 0.826389 0.042188 0.141667
0 0.540885 0.653241 0.051562 0.134259
1 0.335677 0.4 0.045312 0.1
