2 0.814323 0.123148 0.024479 0.042593
2 0.792448 0.166204 0.026562 0.034259
2 0.354167 0.364352 0.05 0.028704
2 0.765365 0.551389 0.053646 0.04537
2 0.296094 0.388889 0.013021 0.044444
2 0.28724 0.421296 0.031771 0.061111
2 0.546094 0.39213 0.017188 0.056481
2 0.88151 0.2625 0.044271 0.052778
2 0.524219 0.321759 0.027604 0.065741
2 0.298958 0.538426 0.054167 0.043519
0 0.365885 0.720833 0.086979 0.034259
0 0.48099 0.291204 0.072396 0.026852
0 0.347396 0.327778 0.073958 0.037037
0 0.330729 0.438889 0.029167 0.135185
0 0.544792 0.293981 0.055208 0.082407
0 0.577344 0.404167 0.010937 0.123148
0 0.371615 0.305556 0.063021 0.075926
0 0.591667 0.494444 0.029167 0.112963
0 0.628906 0.583333 0.048438 0.12037
0 0.423698 0.416204 0.032813 0.108333
0 0.570312 0.387037 0.022917 0.096296
1 0.608073 0.541667 0.031771 0.109259
1 0.448177 0.470833 0.025521 0.130556
1 0.588021 0.340741 0.029167 0.12963
1 0.736458 0.686574 0.045833 0.136111
1 0.413802 0.334259 0.055729 0.062963
1 0.443229 0.268056 0.073958 0.04537
