2 0.727604 0.619907 0.035417 0.082407
2 0.797135 0.205556 0.022396 0.051852
2 0.265365 0.4125 0.027604 0.056481
2 0.778125 0.386574 0.04375 0.058333
2 0.274479 0.317593 0.034375 0.072222
2 0.748958 0.146296 0.030208 0.040741
2 0.632292 0.684722 0.040625 0.075
2 0.479948 0.272222 0.049479 0.051852
0 0.254688 0.521296 0.021875 0.135185
1 0.496875 0.394444 0.067708 0.062963
0 0.34375 0.755556 0.080208 0.061111
0 0.439844 0.817593 0.076563 0.072222
0 0.539844 0.66713 0.022396 0.141667
0 0.219531 0.517593 0.044271 0.094444
1 0.321875 0.430093 0.047917 0.089815
0 0.486979 0.546296 0.063542 0.092593
0 0.366406 0.435185 0.073438 0.027778
0 0.439844 0.352778 0.076563 0.055556
0 0.382031 0.355556 0.039062 0.112963
1 0.544531 0.575 0.065104 0.072222
0 0.484115 0.164352 0.046354 0.113889
0 0.252865 0.331019 0.045312 0.106481
1 0.555729 0.829167 0.0375 0.162037
1 0.45625 0.305093 0.067708 0.067593
