2 0.558073 0.573611 0.031771 0.056481
2 0.747135 0.141667 0.022396 0.042593
2 0.769792 0.531481 0.0375 0.072222
2 0.30625 0.506481 0.0375 0.044444
2 0.784635 0.156944 0.025521 0.030556
2 0.303125 0.418056 0.034375 0.063889
2 0.496875 0.355556 0.033333 0.072222
2 0.275781 0.275 0.040104 0.05
2 0.557292 0.875926 0.022917 0.068519
2 0.476042 0.246296 0.019792 0.053704
2 0.813542 0.468981 0.041667 0.073148
2 0.109115 0.218056 0.032813 0.089815
1 0.272656 0.359722 0.075521 0.037963
0 0.364844 0.44537 0.082812 0.05
0 0.223958 0.385648 0.077083 0.032407
0 0.507292 0.424537 0.022917 0.108333
0 0.302083 0.746296 0.085417 0.068519
0 0.559375 0.819907 0.0375 0.143519
0 0.35 0.272222 0.058333 0.094444
0 0.878646 0.460185 0.084375 0.042593
0 0.477604 0.219444 0.080208 0.055556
0 0.234375 0.296296 0.08125 0.037037
1 0.55 0.664352 0.03125 0.136111
1 0.404167 0.783333 0.085417 0.053704
1 0.616927 0.193056 0.073438 0.060185
1 0.405208 0.143056 0.076042 0.030556
0 0.72526 0.469444 0.032813 0.146296
1 0.396615 0.346759 0.051562 0.110185
1 0.641927 0.856481 0.069271 0.098148
