2 0.428646 0.283333 0.036458 0.072222
2 0.357031 0.4625 0.031771 0.052778
2 0.494531 0.47037 0.038021 0.064815
2 0.743229 0.192593 0.019792 0.048148
2 0.773177 0.495833 0.042188 0.071296
0 0.659115 0.710648 0.081771 0.078704
1 0.802604 0.62963 0.078125 0.112963
0 0.696094 0.307407 0.064062 0.127778
2 0.666146 0.034259 0.027083 0.033333
1 0.428385 0.153704 0.063021 0.103704
0 0.485417 0.25 0.039583 0.094444
1 0.497135 0.346759 0.039062 0.110185
1 0.48724 0.362963 0.033854 0.103704
1 0.411198 0.36713 0.071354 0.030556
2 0.455729 0.351852 0.020833 0.048148
2 0.288281 0.359722 0.036979 0.049074
0 0.206771 0.572222 0.029167 0.12037
0 0.230208 0.564815 0.036458 0.116667
0 0.183073 0.4375 0.050521 0.09537
0 0.335677 0.533333 0.085938 0.033333
1 0.484375 0.668981 0.083333 0.04537
0 0.515104 0.575463 0.053125 0.128704
2 0.616667 0.893519 0.036458 0.044444
2 0.25599 0.318056 0.018229 0.073148
2 0.266146 0.418981 0.038542 0.034259
0 0.246615 0.467593 0.072396 0.062963
0 0.238542 0.396296 0.08125 0.027778
2 0.522917 0.414352 0.040625 0.036111
