2 0.698177 0.560185 0.034896 0.07963
2 0.646875 0.384259 0.029167 0.042593
2 0.629687 0.11713 0.034375 0.073148
2 0.753646 0.495833 0.029167 0.084259
2 0.728906 0.475463 0.024479 0.041667
2 0.530208 0.676389 0.036458 0.036111
2 0.255208 0.897685 0.026042 0.093519
2 0.538542 0.278704 0.028125 0.057407
2 0.348698 0.37037 0.049479 0.051852
2 0.497396 0.168981 0.044792 0.058333
2 0.564844 0.219907 0.054688 0.063889
2 0.280469 0.483333 0.030729 0.044444
2 0.501302 0.231944 0.022396 0.05463
2 0.535677 0.339815 0.029687 0.077778
1 0.155729 0.784722 0.084375 0.037963
0 0.544271 0.561111 0.025 0.133333
1 0.295833 0.367593 0.0625 0.066667
1 0.465104 0.236111 0.076042 0.040741
1 0.429167 0.198611 0.0625 0.073148
0 0.4625 0.422685 0.051042 0.106481
0 0.548177 0.775 0.034896 0.135185
0 0.319792 0.441667 0.051042 0.101852
1 0.507292 0.562037 0.048958 0.094444
0 0.567448 0.712963 0.029687 0.118519
0 0.254688 0.253241 0.017708 0.115741
0 0.203906 0.253704 0.032813 0.118519
0 0.51901 0.502315 0.018229 0.115741
0 0.233594 0.152778 0.030729 0.12037
0 0.427604 0.689352 0.032292 0.152778
1 0.50625 0.370833 0.051042 0.10463
