2 0.327083 0.154167 0.03125 0.05463
2 0.270573 0.384722 0.031771 0.049074
2 0.748177 0.101389 0.024479 0.037963
2 0.360156 0.314352 0.040104 0.039815
2 0.269271 0.296759 0.038542 0.063889
2 0.414583 0.166204 0.029167 0.075
2 0.768229 0.396759 0.052083 0.047222
2 0.089063 0.148148 0.05 0.05
2 0.491927 0.343056 0.038021 0.037963
2 0.504687 0.839815 0.032292 0.072222
2 0.688542 0.088889 0.017708 0.035185
2 0.5 0.364815 0.033333 0.074074
2 0.142969 0.759722 0.058854 0.060185
2 0.260937 0.262963 0.055208 0.040741
0 0.35599 0.690741 0.022396 0.15
0 0.353906 0.264352 0.073438 0.05463
0 0.57526 0.15463 0.074479 0.05
0 0.761198 0.152315 0.071354 0.062037
0 0.23125 0.489352 0.040625 0.117593
0 0.514844 0.141204 0.075521 0.05463
0 0.53151 0.515278 0.018229 0.178704
0 0.23125 0.199074 0.065625 0.074074
0 0.525 0.761574 0.047917 0.134259
1 0.41901 0.723611 0.084896 0.034259
1 0.525 0.64537 0.032292 0.112963
1 0.360417 0.351389 0.084375 0.043519
1 0.430469 0.361111 0.074479 0.035185
1 0.692187 0.126389 0.057292 0.099074
1 0.235937 0.175 0.069792 0.044444
