2 0.589583 0.090741 0.025 0.042593
2 0.51276 0.259722 0.038021 0.04537
2 0.636458 0.224537 0.021875 0.039815
2 0.116406 0.375926 0.055729 0.046296
2 0.514844 0.343056 0.021354 0.05463
2 0.504427 0.409722 0.019271 0.065741
2 0.259115 0.342593 0.053646 0.038889
2 0.239844 0.45 0.030729 0.038889
2 0.550521 0.505556 0.022917 0.074074
2 0.510417 0.300926 0.039583 0.042593
2 0.379688 0.392593 0.044792 0.05
0 0.321094 0.393519 0.030729 0.12037
0 0.517708 0.511111 0.022917 0.116667
0 0.538281 0.771759 0.027604 0.137963
0 0.402344 0.7625 0.085938 0.065741
0 0.532031 0.648148 0.084896 0.025926
0 0.4875 0.401389 0.0125 0.117593
0 0.041146 0.815278 0.058333 0.050926
0 0.251823 0.40463 0.074479 0.07037
0 0.449219 0.332407 0.048438 0.096296
0 0.566146 0.412963 0.058333 0.101852
1 0.272656 0.190278 0.076563 0.039815
1 0.438542 0.394907 0.077083 0.04537
1 0.651302 0.166667 0.041146 0.12037
1 0.501563 0.597222 0.063542 0.103704
0 0.50026 0.465278 0.022396 0.130556
1 0.523698 0.603241 0.061979 0.086111
1 0.524219 0.69537 0.029687 0.101852
2 0.45 0.376389 0.028125 0.025
1 0.542448 0.702778 0.042188 0.072222
