2 0.722135 0.182407 0.024479 0.037037
2 0.304427 0.428704 0.034896 0.040741
2 0.359896 0.174074 0.035417 0.038889
2 0.297396 0.309259 0.034375 0.037037
2 0.450781 0.374074 0.042188 0.051852
2 0.496875 0.439815 0.032292 0.042593
2 0.445052 0.214815 0.049479 0.040741
2 0.810677 0.190741 0.021354 0.035185
2 0.308594 0.341204 0.040104 0.060185
2 0.502604 0.943056 0.023958 0.071296
2 0.546354 0.476852 0.046875 0.040741
2 0.801562 0.519907 0.048958 0.056481
2 0.130729 0.089352 0.03125 0.078704
2 0.160938 0.805093 0.04375 0.067593
0 0.365365 0.765278 0.019271 0.15463
0 0.371094 0.069907 0.049479 0.097222
0 0.559115 0.618519 0.016146 0.133333
0 0.24375 0.53287 0.061458 0.09537
0 0.555469 0.199537 0.079687 0.047222
0 0.457813 0.475926 0.082292 0.033333
0 0.275781 0.237963 0.054688 0.07037
0 0.792448 0.225 0.059896 0.094444
0 0.65651 0.112963 0.065104 0.07963
1 0.432552 0.813889 0.080729 0.031481
1 0.390104 0.411111 0.070833 0.042593
1 0.728646 0.248611 0.057292 0.089815
1 0.529427 0.733333 0.039062 0.112963
1 0.422917 0.390741 0.066667 0.053704
1 0.275 0.193056 0.061458 0.05463
1 0.644531 0.643519 0.028646 0.146296
1 0.504167 0.864352 0.032292 0.150926
