1 0.300521 0.039815 0.072917 0.038889
0 0.31276 0.186574 0.085938 0.093519
1 0.292187 0.305556 0.069792 0.081481
2 0.253385 0.420833 0.035937 0.04537
2 0.357031 0.390741 0.051562 0.05
2 0.420573 0.247222 0.038021 0.083333
2 0.626563 0.171296 0.045833 0.074074
2 0.688281 0.156019 0.032813 0.037963
0 0.67526 0.075926 0.033854 0.127778
1 0.815885 0.566204 0.049479 0.212037
1 0.470052 0.665741 0.043229 0.12963
0 0.45651 0.602315 0.085938 0.086111
1 0.47474 0.426389 0.027604 0.128704
1 0.490365 0.337963 0.052604 0.109259
2 0.384635 0.479167 0.040104 0.05463
0 0.327344 0.559259 0.080729 0.055556
0 0.282292 0.584259 0.073958 0.05
0 0.320833 0.664815 0.088542 0.053704
0 0.602604 0.906481 0.1125 0.042593
2 0.614062 0.94537 0.033333 0.031481
0 0.169271 0.529167 0.072917 0.087963
0 0.160677 0.385648 0.071354 0.052778
1 0.217969 0.379167 0.067187 0.032407
2 0.211458 0.350926 0.057292 0.035185
0 0.236719 0.460648 0.094271 0.032407
2 0.158594 0.461574 0.048438 0.052778
2 0.446875 0.415278 0.04375 0.062037
