2 0.807552 0.174074 0.025521 0.033333
2 0.559115 0.669907 0.020313 0.060185
2 0.70625 0.03287 0.021875 0.037963
2 0.63125 0.902778 0.05 0.066667
2 0.821354 0.558333 0.047917 0.062963
2 0.579167 0.185648 0.040625 0.047222
2 0.541927 0.309722 0.042188 0.056481
2 0.295573 0.506019 0.052604 0.037963
2 0.347656 0.396296 0.047396 0.051852
2 0.311979 0.425 0.020833 0.02963
2 0.314844 0.3875 0.036979 0.043519
0 0.672656 0.234722 0.030729 0.126852
0 0.573958 0.361111 0.076042 0.033333
0 0.228385 0.383796 0.076563 0.026852
0 0.26901 0.432407 0.075521 0.040741
0 0.23125 0.501389 0.058333 0.073148
0 0.273438 0.472222 0.051042 0.081481
0 0.609896 0.554167 0.082292 0.050926
1 0.425781 0.589815 0.078646 0.059259
1 0.416146 0.193056 0.019792 0.123148
1 0.556771 0.561111 0.022917 0.131481
1 0.569531 0.725926 0.074479 0.051852
1 0.260937 0.259722 0.044792 0.097222
1 0.492188 0.372222 0.048958 0.066667
0 0.540104 0.400926 0.060417 0.059259
1 0.695833 0.456944 0.054167 0.123148
1 0.221875 0.318056 0.020833 0.080556
0 0.524479 0.432407 0.060417 0.074074
1 0.24974 0.325463 0.063021 0.073148
