2 0.61901 0.173148 0.024479 0.042593
2 0.666927 0.164815 0.026562 0.038889
2 0.670312 0.464815 0.040625 0.031481
2 0.450781 0.672685 0.041146 0.062037
2 0.446094 0.920833 0.029687 0.084259
2 0.427865 0.385648 0.019271 0.058333
2 0.432031 0.880093 0.029687 0.062037
2 0.204948 0.423148 0.032813 0.024074
0 0.479948 0.486111 0.082812 0.048148
0 0.142708 0.414352 0.076042 0.041667
0 0.148958 0.50463 0.036458 0.124074
0 0.204167 0.401389 0.077083 0.021296
0 0.583594 0.752778 0.086979 0.064815
0 0.223437 0.50463 0.048958 0.112963
0 0.322396 0.359259 0.094792 0.053704
0 0.180208 0.525463 0.0625 0.09537
0 0.220573 0.531019 0.045312 0.065741
1 0.429167 0.6125 0.042708 0.087963
1 0.171875 0.315278 0.05625 0.084259
1 0.659896 0.498148 0.041667 0.127778
1 0.410156 0.283796 0.021354 0.125
1 0.389323 0.312963 0.038021 0.098148
1 0.366146 0.374537 0.073958 0.034259
1 0.415104 0.428704 0.035417 0.118519
1 0.429948 0.313889 0.018229 0.111111
