2 0.519531 0.42037 0.030729 0.055556
2 0.751302 0.226852 0.029687 0.042593
2 0.469792 0.285185 0.027083 0.051852
2 0.497396 0.371296 0.023958 0.077778
2 0.828125 0.476389 0.041667 0.075
2 0.707292 0.52963 0.040625 0.07963
2 0.248438 0.313426 0.022917 0.073148
2 0.201563 0.404167 0.053125 0.039815
2 0.483333 0.240278 0.058333 0.047222
2 0.238281 0.475 0.031771 0.040741
2 0.536458 0.880556 0.029167 0.07037
0 0.250521 0.712963 0.08125 0.07037
0 0.321094 0.384259 0.071354 0.033333
0 0.30625 0.436574 0.080208 0.034259
0 0.211198 0.198148 0.026562 0.181481
0 0.610677 0.293981 0.069271 0.089815
0 0.479948 0.785185 0.031771 0.151852
0 0.376302 0.429167 0.065104 0.069444
0 0.746094 0.455556 0.050521 0.127778
0 0.68151 0.716204 0.030729 0.141667
0 0.25599 0.409259 0.059896 0.085185
1 0.348698 0.763889 0.083854 0.048148
1 0.492969 0.111574 0.045312 0.110185
1 0.697656 0.190741 0.060937 0.081481
1 0.528646 0.818519 0.015625 0.112963
1 0.366667 0.345833 0.070833 0.060185
1 0.473698 0.563426 0.053646 0.108333
1 0.35599 0.377315 0.072396 0.023148
