2 0.443229 0.313889 0.027083 0.053704
2 0.420573 0.189815 0.030729 0.044444
2 0.7875 0.278704 0.022917 0.037037
2 0.491406 0.818519 0.034896 0.072222
2 0.390625 0.435185 0.027083 0.077778
2 0.330469 0.496759 0.035937 0.052778
2 0.797656 0.337963 0.021354 0.075926
2 0.46224 0.498611 0.026562 0.034259
2 0.532813 0.568056 0.033333 0.073148
2 0.345573 0.507407 0.050521 0.048148
2 0.449479 0.515741 0.053125 0.042593
0 0.734896 0.148148 0.022917 0.125926
0 0.095833 0.231944 0.079167 0.047222
0 0.445052 0.257407 0.046354 0.092593
0 0.219531 0.506481 0.072396 0.048148
0 0.532813 0.775 0.039583 0.12037
0 0.240625 0.488889 0.067708 0.051852
0 0.475521 0.605556 0.061458 0.081481
0 0.204427 0.476852 0.071354 0.046296
0 0.756771 0.760185 0.088542 0.075926
0 0.703906 0.810185 0.055729 0.127778
1 0.263281 0.455556 0.071354 0.059259
1 0.525521 0.450463 0.034375 0.132407
1 0.303906 0.373611 0.042188 0.123148
1 0.679167 0.049074 0.066667 0.087037
1 0.494792 0.313426 0.044792 0.113889
1 0.486198 0.484259 0.067187 0.07963
1 0.541146 0.594444 0.069792 0.057407
