1 0.492708 0.317593 0.063542 0.088889
2 0.721354 0.204167 0.017708 0.036111
2 0.758333 0.394444 0.026042 0.075926
2 0.676562 0.052315 0.025 0.030556
0 0.655729 0.11713 0.044792 0.126852
1 0.365365 0.048148 0.077604 0.038889
1 0.420833 0.227315 0.052083 0.100926
1 0.342708 0.334722 0.063542 0.078704
2 0.403646 0.294907 0.033333 0.062037
2 0.445573 0.456481 0.038021 0.062963
2 0.44974 0.382407 0.029687 0.044444
2 0.25599 0.424537 0.031771 0.062037
2 0.315625 0.477778 0.040625 0.057407
0 0.167969 0.393519 0.080729 0.038889
2 0.192969 0.323148 0.019271 0.085185
0 0.167187 0.481944 0.044792 0.115741
0 0.221615 0.486111 0.035937 0.105556
1 0.466927 0.7 0.070312 0.081481
0 0.489583 0.584259 0.053125 0.122222
1 0.797135 0.633796 0.086979 0.099074
0 0.601302 0.790278 0.080729 0.069444
2 0.599479 0.831481 0.032292 0.038889
0 0.308073 0.550463 0.081771 0.023148
1 0.471094 0.394444 0.019271 0.122222
0 0.252604 0.578704 0.063542 0.066667
2 0.23151 0.399074 0.032813 0.035185
