2 0.707031 0.119907 0.020313 0.04537
2 0.717708 0.590741 0.023958 0.085185
2 0.727604 0.222685 0.023958 0.037963
2 0.459896 0.323148 0.04375 0.072222
2 0.665365 0.74213 0.027604 0.089815
2 0.773958 0.597685 0.0375 0.063889
2 0.241146 0.267593 0.03125 0.07037
2 0.189062 0.387963 0.045833 0.035185
2 0.200781 0.431944 0.031771 0.047222
2 0.395052 0.396759 0.022396 0.047222
2 0.260677 0.338889 0.030729 0.027778
2 0.217969 0.238426 0.026562 0.091667
0 0.25651 0.361111 0.076563 0.031481
0 0.186198 0.3 0.074479 0.038889
0 0.506771 0.806944 0.01875 0.141667
0 0.695312 0.267593 0.079167 0.068519
0 0.446094 0.805556 0.081771 0.040741
0 0.452344 0.411111 0.088021 0.042593
0 0.322917 0.389352 0.041667 0.117593
0 0.214583 0.550463 0.066667 0.09537
0 0.38099 0.389815 0.015104 0.124074
0 0.403385 0.814352 0.075521 0.047222
0 0.414062 0.105093 0.042708 0.121296
1 0.522135 0.67037 0.025521 0.138889
1 0.389323 0.765741 0.072396 0.074074
1 0.259375 0.451852 0.060417 0.075926
1 0.6 0.522222 0.069792 0.085185
2 0.41901 0.3625 0.045312 0.026852
