2 0.652604 0.380093 0.028125 0.047222
2 0.528906 0.262037 0.020313 0.068519
2 0.223437 0.871759 0.044792 0.069444
2 0.714844 0.484722 0.022396 0.049074
2 0.625 0.173611 0.048958 0.062037
2 0.535677 0.362963 0.028646 0.085185
2 0.345833 0.396759 0.052083 0.052778
2 0.266406 0.508333 0.030729 0.044444
2 0.4875 0.176389 0.042708 0.058333
2 0.471354 0.215278 0.032292 0.052778
2 0.649479 0.483333 0.033333 0.07963
2 0.728385 0.539352 0.045312 0.062037
2 0.509115 0.646296 0.028646 0.066667
1 0.163281 0.80463 0.082812 0.046296
1 0.604167 0.685648 0.060417 0.091667
1 0.284375 0.384722 0.058333 0.086111
0 0.258594 0.264352 0.049479 0.09537
0 0.546094 0.492593 0.055729 0.096296
0 0.407552 0.717593 0.043229 0.140741
0 0.310937 0.493056 0.051042 0.119444
1 0.249479 0.156944 0.047917 0.106481
0 0.439062 0.414815 0.057292 0.105556
0 0.222656 0.27963 0.019271 0.127778
1 0.513542 0.380556 0.041667 0.114815
1 0.374479 0.168519 0.046875 0.112963
1 0.444792 0.238426 0.071875 0.037963
2 0.559896 0.227778 0.048958 0.044444
0 0.565104 0.743981 0.021875 0.143519
0 0.557031 0.600463 0.030729 0.130556
