2 0.682031 0.161574 0.023438 0.039815
2 0.091146 0.125926 0.035417 0.07963
2 0.135937 0.813426 0.044792 0.080556
2 0.405469 0.21713 0.042188 0.037963
2 0.265625 0.444907 0.036458 0.043519
2 0.760938 0.477315 0.047917 0.065741
2 0.771615 0.156019 0.021354 0.049074
2 0.520573 0.924074 0.023438 0.072222
2 0.476042 0.618056 0.027083 0.058333
2 0.43125 0.254167 0.036458 0.071296
2 0.273958 0.348611 0.035417 0.063889
2 0.522396 0.487963 0.047917 0.053704
2 0.329167 0.187037 0.032292 0.031481
2 0.2625 0.321296 0.044792 0.042593
0 0.525 0.212037 0.082292 0.037037
0 0.349219 0.760185 0.019271 0.151852
0 0.789323 0.303241 0.084896 0.056481
0 0.428385 0.48287 0.082812 0.050926
0 0.20599 0.310185 0.073438 0.064815
0 0.346354 0.158796 0.072917 0.047222
0 0.619531 0.106944 0.048438 0.10463
0 0.513542 0.602778 0.015625 0.122222
0 0.609115 0.618056 0.042188 0.136111
0 0.213542 0.537037 0.069792 0.088889
1 0.235937 0.208796 0.075 0.049074
1 0.408854 0.816667 0.083333 0.035185
1 0.354948 0.412963 0.078646 0.037037
1 0.503646 0.722222 0.039583 0.12037
1 0.681771 0.24213 0.075 0.067593
1 0.38724 0.359722 0.076563 0.037963
1 0.517708 0.847685 0.04375 0.152778
