2 0.70599 0.0875 0.019271 0.041667
2 0.428646 0.225926 0.03125 0.053704
2 0.388542 0.19213 0.041667 0.032407
2 0.522396 0.715741 0.033333 0.055556
2 0.265365 0.492593 0.033854 0.048148
2 0.26901 0.303241 0.020313 0.076852
2 0.082812 0.230093 0.059375 0.037963
2 0.791667 0.381019 0.045833 0.067593
2 0.770833 0.561574 0.034375 0.084259
2 0.721875 0.065741 0.022917 0.037037
2 0.552604 0.965278 0.04375 0.050926
2 0.361979 0.158796 0.05 0.043519
2 0.525 0.40463 0.026042 0.066667
2 0.30651 0.446296 0.039062 0.038889
0 0.4 0.430556 0.075 0.062963
0 0.535156 0.451852 0.027604 0.122222
0 0.198958 0.381944 0.08125 0.034259
0 0.325 0.265741 0.021875 0.122222
0 0.189062 0.247222 0.078125 0.064815
0 0.534115 0.821296 0.051562 0.118519
0 0.323958 0.784722 0.080208 0.078704
0 0.454427 0.186574 0.071354 0.080556
0 0.603906 0.834259 0.020313 0.148148
0 0.880729 0.514815 0.0875 0.038889
0 0.283594 0.411574 0.076563 0.084259
0 0.7 0.438889 0.030208 0.138889
1 0.341667 0.069444 0.073958 0.038889
1 0.559635 0.713889 0.025521 0.127778
1 0.384115 0.364352 0.045312 0.100926
1 0.56849 0.041667 0.072396 0.053704
1 0.403125 0.778241 0.079167 0.069444
