2 0.510677 0.435185 0.035937 0.074074
2 0.393229 0.189815 0.040625 0.068519
2 0.18776 0.142593 0.049479 0.053704
2 0.275521 0.336574 0.034375 0.076852
2 0.458594 0.657407 0.024479 0.064815
2 0.700521 0.178704 0.019792 0.046296
2 0.495573 0.891667 0.021354 0.074074
2 0.738281 0.182407 0.020313 0.042593
2 0.341927 0.188426 0.030729 0.032407
2 0.452083 0.399074 0.023958 0.077778
2 0.254427 0.3 0.019271 0.077778
2 0.692448 0.36713 0.021354 0.082407
0 0.190365 0.400926 0.078646 0.037037
0 0.301302 0.722685 0.030729 0.149074
1 0.240625 0.186574 0.070833 0.041667
0 0.511979 0.80787 0.034375 0.143519
1 0.396354 0.752315 0.084375 0.036111
0 0.377865 0.381944 0.075521 0.062037
0 0.471094 0.463426 0.016146 0.113889
0 0.498958 0.234722 0.083333 0.043519
1 0.494792 0.65787 0.028125 0.130556
1 0.664323 0.677315 0.082812 0.056481
1 0.624219 0.224074 0.040104 0.122222
1 0.680729 0.2875 0.044792 0.097222
0 0.180729 0.310185 0.064583 0.096296
0 0.731771 0.231944 0.044792 0.110185
1 0.340625 0.315741 0.035417 0.127778
0 0.332292 0.139352 0.014583 0.115741
2 0.142708 0.764815 0.045833 0.07963
