0 0.141146 0.187037 0.08125 0.048148
0 0.73776 0.123611 0.019271 0.128704
1 0.748177 0.05463 0.061979 0.087037
2 0.859375 0.369907 0.03125 0.093519
2 0.814323 0.241204 0.032813 0.04537
0 0.783594 0.745833 0.091146 0.076852
0 0.711458 0.740278 0.061458 0.121296
0 0.584375 0.74537 0.021875 0.175926
2 0.532813 0.655556 0.055208 0.064815
0 0.528906 0.535185 0.028646 0.137037
1 0.509115 0.432407 0.071354 0.061111
1 0.538542 0.414352 0.0375 0.119444
2 0.573438 0.541204 0.01875 0.075
2 0.566146 0.416204 0.027083 0.062037
2 0.477083 0.285648 0.029167 0.073148
2 0.534635 0.19213 0.023438 0.071296
1 0.295312 0.330556 0.029167 0.137037
1 0.28776 0.394444 0.069271 0.064815
0 0.255208 0.452315 0.077083 0.050926
0 0.250521 0.423611 0.08125 0.062037
0 0.279948 0.439815 0.069271 0.059259
2 0.376563 0.45787 0.048958 0.076852
0 0.54401 0.297685 0.026562 0.113889
2 0.471615 0.458333 0.046354 0.066667
