2 0.703125 0.207407 0.01875 0.044444
2 0.242969 0.433333 0.030729 0.038889
2 0.771094 0.106019 0.019271 0.043519
2 0.063021 0.778704 0.05625 0.040741
2 0.120313 0.350926 0.055208 0.042593
2 0.609896 0.794444 0.027083 0.083333
2 0.447917 0.360648 0.033333 0.037963
2 0.53724 0.326852 0.048438 0.038889
2 0.378385 0.379167 0.044271 0.04537
2 0.50625 0.25463 0.029167 0.075926
2 0.766927 0.474537 0.033854 0.075
2 0.517448 0.255093 0.017188 0.062037
2 0.248438 0.319444 0.048958 0.044444
0 0.519271 0.758333 0.017708 0.144444
0 0.467969 0.485185 0.044271 0.114815
0 0.424219 0.283333 0.073438 0.07037
0 0.307292 0.334259 0.066667 0.057407
0 0.404687 0.749074 0.069792 0.075926
0 0.896354 0.334722 0.053125 0.10463
0 0.834635 0.246759 0.030729 0.125
0 0.708594 0.390741 0.053646 0.1
0 0.245833 0.371759 0.066667 0.073148
0 0.454948 0.680556 0.032813 0.118519
1 0.511979 0.406019 0.030208 0.121296
1 0.763281 0.16713 0.075521 0.049074
1 0.565885 0.543981 0.076563 0.04537
1 0.279948 0.207407 0.059896 0.085185
1 0.51901 0.583796 0.043229 0.106481
1 0.440104 0.397222 0.076042 0.02963
1 0.517708 0.67037 0.05625 0.074074
