2 0.21224 0.464352 0.027604 0.056481
2 0.455469 0.185648 0.027604 0.056481
2 0.497917 0.267593 0.038542 0.07037
2 0.852604 0.525926 0.033333 0.083333
2 0.665625 0.828241 0.022917 0.069444
2 0.724479 0.64213 0.047917 0.073148
2 0.851042 0.465278 0.025 0.037963
2 0.813021 0.340278 0.022917 0.037963
2 0.216667 0.38287 0.05625 0.041667
1 0.480208 0.203241 0.036458 0.087963
2 0.529687 0.411111 0.025 0.083333
2 0.684375 0.790278 0.017708 0.058333
2 0.340365 0.285648 0.033854 0.062037
2 0.413021 0.174074 0.032292 0.087037
0 0.317448 0.402778 0.079687 0.051852
0 0.794531 0.385648 0.075521 0.060185
0 0.421354 0.370833 0.069792 0.047222
0 0.192969 0.302778 0.072396 0.07037
0 0.52526 0.806019 0.044271 0.132407
0 0.260677 0.66713 0.071354 0.091667
0 0.379948 0.311111 0.064062 0.05
0 0.691927 0.774537 0.024479 0.141667
1 0.451823 0.326852 0.074479 0.016667
0 0.547656 0.821759 0.027604 0.14537
0 0.30651 0.339815 0.079687 0.040741
0 0.665104 0.551389 0.039583 0.137963
1 0.338542 0.708796 0.08125 0.056481
1 0.715885 0.174537 0.077604 0.069444
1 0.408333 0.491204 0.067708 0.076852
1 0.429167 0.307407 0.065625 0.027778
