2 0.640365 0.360648 0.023438 0.047222
2 0.736719 0.449074 0.024479 0.040741
2 0.551042 0.247685 0.026042 0.041667
2 0.559635 0.278704 0.031771 0.02963
2 0.627604 0.102778 0.040625 0.059259
2 0.53776 0.187037 0.039062 0.059259
2 0.738281 0.503241 0.035937 0.069444
2 0.560417 0.331944 0.022917 0.084259
2 0.294271 0.479167 0.030208 0.039815
2 0.365104 0.378241 0.046875 0.050926
2 0.194792 0.840278 0.028125 0.080556
2 0.526563 0.676389 0.025 0.050926
2 0.734635 0.574074 0.023438 0.07963
2 0.573958 0.234259 0.016667 0.072222
0 0.560937 0.53287 0.01875 0.139815
0 0.464583 0.398611 0.034375 0.123148
0 0.524219 0.731481 0.035937 0.137037
0 0.566406 0.729167 0.015104 0.134259
0 0.406771 0.727315 0.06875 0.086111
0 0.501302 0.485185 0.042188 0.105556
0 0.315885 0.421759 0.036979 0.108333
0 0.311198 0.253704 0.025521 0.12037
0 0.257812 0.238426 0.022917 0.121296
1 0.194792 0.790278 0.079167 0.034259
1 0.489063 0.233333 0.071875 0.033333
1 0.317188 0.360185 0.054167 0.075926
1 0.523177 0.580093 0.051562 0.091667
1 0.458594 0.215278 0.065104 0.065741
1 0.516406 0.360185 0.056771 0.092593
1 0.280469 0.153241 0.054688 0.084259
