2 0.346094 0.418056 0.026562 0.036111
2 0.328125 0.365741 0.022917 0.05
2 0.278385 0.638889 0.028646 0.040741
2 0.50651 0.362037 0.021354 0.064815
2 0.365104 0.787037 0.029167 0.02963
2 0.574219 0.8 0.035937 0.112963
2 0.817708 0.099074 0.035417 0.066667
2 0.451562 0.795833 0.021875 0.09537
2 0.541927 0.366204 0.023438 0.049074
2 0.559896 0.695833 0.045833 0.065741
2 0.286979 0.756481 0.021875 0.038889
2 0.366927 0.73287 0.017188 0.032407
2 0.309635 0.768981 0.056771 0.05463
2 0.463281 0.885185 0.038021 0.055556
2 0.626823 0.822685 0.045312 0.043519
2 0.534115 0.539815 0.032813 0.055556
2 0.688021 0.728241 0.016667 0.036111
2 0.526823 0.216667 0.030729 0.05
2 0.792969 0.124537 0.019271 0.039815
2 0.422135 0.428704 0.025521 0.025926
2 0.494271 0.838426 0.045833 0.047222
2 0.251302 0.578704 0.054688 0.037037
2 0.259115 0.528704 0.024479 0.059259
0 0.6625 0.510185 0.028125 0.125926
0 0.295573 0.269444 0.074479 0.064815
0 0.464062 0.356019 0.067708 0.050926
0 0.752083 0.171296 0.076042 0.053704
0 0.422135 0.45463 0.072396 0.061111
0 0.639844 0.708796 0.079687 0.073148
0 0.545833 0.282407 0.021875 0.116667
0 0.23724 0.476852 0.034896 0.131481
0 0.478385 0.549537 0.050521 0.119444
1 0.404167 0.611111 0.083333 0.027778
1 0.385417 0.574537 0.0625 0.065741
1 0.423698 0.555093 0.039062 0.106481
1 0.529427 0.412963 0.058854 0.051852
1 0.332552 0.534722 0.075521 0.05463
