2 0.209896 0.428704 0.023958 0.057407
2 0.813021 0.311574 0.027083 0.037963
2 0.645052 0.837963 0.035937 0.074074
2 0.746615 0.556019 0.046354 0.071296
2 0.496875 0.349074 0.028125 0.074074
2 0.38151 0.149537 0.031771 0.076852
2 0.848437 0.451852 0.021875 0.077778
2 0.647656 0.743981 0.038021 0.041667
2 0.461719 0.154167 0.028646 0.087963
2 0.351042 0.2625 0.029167 0.058333
2 0.232292 0.360648 0.053125 0.034259
2 0.850781 0.422685 0.022396 0.034259
2 0.528906 0.255556 0.049479 0.053704
0 0.665885 0.548611 0.022396 0.14537
0 0.328125 0.378704 0.080208 0.05
0 0.219792 0.291667 0.075 0.042593
0 0.27526 0.643519 0.065104 0.092593
0 0.314583 0.293981 0.079167 0.032407
0 0.391406 0.294444 0.063021 0.040741
0 0.811458 0.425463 0.055208 0.097222
0 0.433594 0.341204 0.070312 0.039815
0 0.5 0.761111 0.022917 0.153704
1 0.573958 0.777315 0.034375 0.143519
1 0.349479 0.687037 0.077083 0.051852
1 0.709896 0.108333 0.075 0.053704
1 0.44375 0.287037 0.071875 0.02963
1 0.420573 0.462963 0.072396 0.02963
1 0.696615 0.752315 0.036979 0.149074
1 0.454167 0.314815 0.069792 0.025926
