2 0.638021 0.777315 0.025 0.076852
2 0.800521 0.101852 0.019792 0.042593
2 0.273438 0.409259 0.032292 0.042593
2 0.56875 0.309722 0.047917 0.039815
2 0.909375 0.350926 0.036458 0.064815
2 0.079427 0.743056 0.061979 0.04537
2 0.733594 0.198148 0.020313 0.048148
2 0.802083 0.447222 0.040625 0.072222
2 0.151042 0.324074 0.055208 0.044444
2 0.534635 0.301389 0.021354 0.05463
2 0.480208 0.345833 0.032292 0.036111
2 0.408333 0.361111 0.045833 0.05
2 0.505469 0.26713 0.029687 0.073148
2 0.277344 0.294444 0.046354 0.053704
0 0.489583 0.655556 0.029167 0.124074
0 0.519271 0.75 0.026042 0.144444
0 0.961458 0.388426 0.0625 0.093519
0 0.532552 0.434259 0.030729 0.122222
0 0.422917 0.730556 0.08125 0.074074
0 0.519792 0.382407 0.019792 0.122222
0 0.454167 0.263426 0.063542 0.089815
0 0.335938 0.317593 0.065625 0.077778
0 0.779427 0.409722 0.044271 0.10463
0 0.799479 0.325463 0.061458 0.102778
0 0.28151 0.357407 0.071354 0.068519
1 0.792448 0.157407 0.079687 0.055556
1 0.590625 0.526389 0.083333 0.036111
1 0.468229 0.376852 0.077083 0.035185
1 0.311198 0.181019 0.073438 0.065741
1 0.534115 0.671759 0.049479 0.099074
1 0.528125 0.563889 0.064583 0.098148
