2 0.786458 0.249537 0.021875 0.04537
2 0.710417 0.2 0.026042 0.035185
2 0.439844 0.232407 0.034896 0.037037
2 0.673438 0.513889 0.046875 0.064815
2 0.245573 0.306481 0.036979 0.062963
2 0.232031 0.450926 0.029687 0.033333
2 0.542969 0.90463 0.026562 0.075926
2 0.444792 0.198148 0.039583 0.05
2 0.220573 0.393056 0.041146 0.060185
2 0.791146 0.399537 0.046875 0.050926
2 0.510938 0.424074 0.042708 0.111111
0 0.146094 0.219907 0.054688 0.084259
0 0.248958 0.685648 0.083333 0.058333
0 0.310156 0.396296 0.093229 0.085185
2 0.21849 0.244444 0.045312 0.042593
0 0.472135 0.753241 0.022396 0.150926
0 0.257552 0.413426 0.052604 0.050926
0 0.391667 0.390278 0.071875 0.034259
0 0.757812 0.45 0.05 0.098148
0 0.720313 0.731019 0.079167 0.076852
0 0.650781 0.381019 0.077604 0.073148
1 0.346354 0.719444 0.079167 0.046296
1 0.726823 0.239352 0.075521 0.036111
1 0.433073 0.13287 0.045312 0.091667
1 0.442448 0.497685 0.058854 0.084259
1 0.389062 0.339815 0.065625 0.048148
1 0.338021 0.336111 0.061458 0.025926
1 0.540365 0.81713 0.046354 0.125
