2 0.199219 0.445833 0.029687 0.043519
2 0.786198 0.369444 0.018229 0.046296
2 0.707552 0.221759 0.022396 0.036111
2 0.508854 0.5875 0.035417 0.032407
2 0.221354 0.281019 0.027083 0.058333
2 0.608854 0.825926 0.030208 0.074074
2 0.448177 0.243981 0.041146 0.069444
2 0.779427 0.445833 0.030729 0.071296
2 0.50651 0.550926 0.042188 0.055556
2 0.702083 0.598148 0.047917 0.062963
2 0.436719 0.238426 0.022396 0.065741
2 0.201042 0.407407 0.048958 0.037037
2 0.210417 0.212963 0.042708 0.062963
0 0.251563 0.313426 0.076042 0.047222
0 0.639323 0.569444 0.018229 0.144444
0 0.279687 0.374537 0.076042 0.041667
0 0.155729 0.299074 0.077083 0.033333
0 0.349479 0.406019 0.070833 0.050926
0 0.391927 0.387037 0.057812 0.057407
0 0.764062 0.564352 0.079167 0.05463
0 0.675781 0.770833 0.077604 0.084259
0 0.428125 0.765741 0.04375 0.142593
0 0.254167 0.711111 0.076042 0.061111
1 0.739062 0.437037 0.052083 0.094444
1 0.395313 0.473148 0.061458 0.066667
1 0.369271 0.330556 0.071875 0.027778
1 0.322917 0.727778 0.079167 0.040741
1 0.435417 0.165741 0.04375 0.1
1 0.361458 0.362037 0.070833 0.022222
1 0.504167 0.861574 0.084375 0.030556
