2 0.275 0.381944 0.047917 0.056481
1 0.28125 0.322222 0.05 0.092593
0 0.388281 0.364352 0.081771 0.041667
0 0.504687 0.317593 0.033333 0.146296
0 0.57474 0.389815 0.028646 0.140741
0 0.578125 0.558796 0.05625 0.130556
2 0.764062 0.286111 0.033333 0.061111
2 0.775781 0.1875 0.027604 0.067593
0 0.773438 0.575926 0.039583 0.181481
1 0.469271 0.658796 0.054167 0.099074
0 0.496354 0.564815 0.045833 0.118519
2 0.517448 0.5 0.021354 0.057407
2 0.476302 0.431019 0.027604 0.065741
2 0.51276 0.421296 0.039062 0.044444
2 0.278125 0.460185 0.034375 0.027778
2 0.211719 0.388426 0.031771 0.067593
0 0.210156 0.487037 0.028646 0.109259
0 0.198958 0.407407 0.041667 0.105556
0 0.223698 0.5375 0.029687 0.132407
0 0.29401 0.53287 0.078646 0.063889
2 0.306771 0.491667 0.01875 0.024074
0 0.246354 0.423148 0.071875 0.025926
0 0.246354 0.526389 0.041667 0.110185
