2 0.510156 0.410185 0.016146 0.068519
2 0.517708 0.356019 0.032292 0.037963
2 0.846875 0.267593 0.027083 0.038889
2 0.527865 0.232407 0.027604 0.042593
2 0.467708 0.40463 0.019792 0.046296
2 0.729688 0.513889 0.032292 0.072222
2 0.520312 0.205093 0.047917 0.073148
2 0.263281 0.544444 0.034896 0.066667
2 0.221615 0.589352 0.032813 0.034259
2 0.33776 0.789352 0.029687 0.039815
2 0.483594 0.88287 0.031771 0.082407
2 0.226042 0.550463 0.039583 0.060185
2 0.306771 0.762037 0.039583 0.059259
2 0.447656 0.871296 0.035937 0.055556
2 0.515365 0.672222 0.022396 0.038889
2 0.514323 0.689815 0.022396 0.072222
2 0.517969 0.900926 0.050521 0.051852
2 0.90599 0.186111 0.045312 0.055556
2 0.524219 0.853241 0.047396 0.060185
0 0.655729 0.805556 0.028125 0.142593
0 0.532552 0.743519 0.017188 0.146296
0 0.39974 0.286574 0.072396 0.052778
0 0.225521 0.305093 0.066667 0.086111
0 0.728385 0.631481 0.056771 0.109259
0 0.882552 0.363889 0.065104 0.092593
0 0.308854 0.389352 0.075 0.04537
0 0.413802 0.4375 0.067187 0.073148
0 0.450781 0.381481 0.079687 0.033333
1 0.353125 0.368056 0.069792 0.04537
1 0.4625 0.748148 0.044792 0.133333
1 0.536719 0.458333 0.034896 0.081481
1 0.504687 0.456019 0.058333 0.063889
1 0.527865 0.558796 0.030729 0.141667
2 0.416146 0.468519 0.017708 0.055556
1 0.378385 0.4125 0.054688 0.04537
