2 0.276302 0.210185 0.025521 0.055556
2 0.215625 0.393056 0.016667 0.065741
2 0.716406 0.074074 0.021354 0.038889
2 0.753125 0.482407 0.025 0.072222
2 0.746875 0.119444 0.028125 0.037037
2 0.711458 0.593981 0.041667 0.069444
2 0.260417 0.267593 0.021875 0.090741
2 0.636198 0.615741 0.020313 0.088889
2 0.22526 0.404167 0.025521 0.067593
2 0.23099 0.399537 0.018229 0.05463
2 0.243229 0.159259 0.029167 0.07963
2 0.426563 0.356944 0.029167 0.041667
0 0.450781 0.069444 0.027604 0.12963
0 0.365365 0.334722 0.025521 0.126852
0 0.223177 0.47037 0.051562 0.105556
0 0.163021 0.311111 0.076042 0.040741
0 0.502083 0.677778 0.0625 0.088889
0 0.113021 0.256019 0.046875 0.100926
0 0.90651 0.247222 0.076563 0.07037
0 0.588542 0.902778 0.071875 0.103704
0 0.395052 0.297222 0.030729 0.061111
0 0.400781 0.78287 0.077604 0.073148
1 0.459896 0.254167 0.080208 0.034259
1 0.515625 0.300926 0.047917 0.096296
1 0.545312 0.527315 0.044792 0.112037
1 0.438802 0.319907 0.074479 0.023148
1 0.311198 0.401389 0.073438 0.026852
1 0.494792 0.832407 0.067708 0.103704
0 0.411198 0.399537 0.078646 0.047222
