2 0.302604 0.519907 0.038542 0.075
2 0.542708 0.165741 0.03125 0.075926
2 0.757552 0.163426 0.023438 0.049074
2 0.694531 0.034722 0.020313 0.04537
2 0.275781 0.448148 0.029687 0.044444
2 0.788281 0.540278 0.041146 0.060185
2 0.331771 0.425926 0.045833 0.05
2 0.680729 0.816667 0.029167 0.068519
2 0.516927 0.261111 0.032813 0.066667
2 0.485417 0.429167 0.027083 0.050926
2 0.546094 0.731944 0.044271 0.060185
1 0.552604 0.687963 0.066667 0.07037
0 0.634115 0.688426 0.083854 0.067593
1 0.225521 0.296759 0.059375 0.076852
0 0.652344 0.21713 0.042188 0.106481
0 0.483073 0.48287 0.065104 0.062037
1 0.489844 0.50787 0.050521 0.084259
0 0.472396 0.353704 0.052083 0.096296
0 0.532031 0.436111 0.031771 0.114815
0 0.223437 0.453704 0.045833 0.101852
0 0.19375 0.484259 0.030208 0.116667
0 0.198177 0.406019 0.077604 0.039815
0 0.390885 0.462037 0.050521 0.111111
1 0.752604 0.499074 0.054167 0.109259
0 0.5375 0.414815 0.033333 0.127778
2 0.377083 0.419444 0.042708 0.042593
0 0.210938 0.365278 0.0875 0.028704
1 0.54974 0.298611 0.040104 0.063889
