2 0.503385 0.401389 0.031771 0.043519
2 0.927083 0.465278 0.021875 0.04537
2 0.508073 0.205093 0.024479 0.047222
2 0.847135 0.508796 0.019271 0.034259
2 0.454687 0.396296 0.019792 0.044444
2 0.403646 0.733333 0.020833 0.033333
2 0.255729 0.546759 0.040625 0.062037
2 0.51849 0.4375 0.038021 0.025
2 0.309896 0.779167 0.027083 0.034259
2 0.269271 0.753704 0.016667 0.035185
2 0.442708 0.450463 0.025 0.047222
2 0.233594 0.607407 0.032813 0.037037
2 0.951823 0.258333 0.053646 0.044444
2 0.505469 0.938889 0.035937 0.096296
2 0.224219 0.563889 0.018229 0.081481
2 0.528646 0.24213 0.01875 0.084259
2 0.822135 0.510185 0.025521 0.066667
2 0.486719 0.861111 0.026562 0.062963
2 0.603125 0.826389 0.025 0.062037
2 0.392969 0.812037 0.038021 0.048148
2 0.229948 0.575463 0.029687 0.09537
2 0.506771 0.644444 0.022917 0.064815
2 0.418229 0.838426 0.040625 0.071296
0 0.508073 0.796296 0.022396 0.144444
0 0.767708 0.760185 0.09375 0.053704
0 0.613802 0.89537 0.042188 0.124074
0 0.339323 0.39213 0.073438 0.025
0 0.727344 0.081944 0.076563 0.056481
0 0.238021 0.318981 0.069792 0.067593
1 0.580469 0.512963 0.032813 0.125926
1 0.523698 0.568519 0.015104 0.12963
1 0.413021 0.367593 0.075 0.022222
1 0.330469 0.352315 0.071354 0.021296
1 0.504427 0.456481 0.055729 0.085185
1 0.378385 0.405093 0.068229 0.04537
1 0.46276 0.856944 0.024479 0.063889
1 0.47474 0.814352 0.036979 0.089815
1 0.439583 0.28287 0.0375 0.115741
1 0.347135 0.069444 0.057812 0.075926
