2 0.429688 0.291667 0.032292 0.059259
2 0.234375 0.397222 0.026042 0.053704
2 0.110937 0.206019 0.019792 0.089815
2 0.753646 0.09537 0.025 0.057407
2 0.542969 0.27963 0.031771 0.035185
2 0.323958 0.321759 0.021875 0.073148
2 0.788542 0.328704 0.046875 0.05
2 0.563802 0.883796 0.030729 0.075
2 0.288281 0.329167 0.025521 0.086111
2 0.492448 0.350463 0.026562 0.071296
2 0.498958 0.325926 0.023958 0.077778
2 0.535677 0.400926 0.026562 0.055556
0 0.565625 0.7375 0.019792 0.150926
0 0.327865 0.475 0.063021 0.087037
0 0.505208 0.76713 0.0875 0.058333
0 0.536719 0.462037 0.057812 0.090741
0 0.713542 0.262963 0.0625 0.090741
0 0.554167 0.581019 0.027083 0.134259
0 0.83776 0.39537 0.076563 0.077778
0 0.519792 0.227778 0.017708 0.122222
0 0.532552 0.343056 0.052604 0.080556
0 0.227865 0.186111 0.069271 0.085185
1 0.708854 0.117593 0.019792 0.127778
1 0.414844 0.364815 0.080729 0.027778
1 0.247917 0.181019 0.05625 0.089815
1 0.464062 0.759259 0.075 0.062963
1 0.502865 0.404167 0.077604 0.036111
2 0.169271 0.806481 0.044792 0.057407
0 0.56901 0.563426 0.021354 0.136111
