2 0.286458 0.327778 0.019792 0.061111
2 0.732031 0.200926 0.027604 0.044444
2 0.410417 0.325926 0.033333 0.072222
2 0.661979 0.748148 0.023958 0.088889
2 0.472656 0.313426 0.038021 0.078704
2 0.739844 0.118519 0.020313 0.044444
2 0.69974 0.602315 0.019271 0.071296
2 0.74349 0.548148 0.025521 0.074074
2 0.408333 0.375463 0.030208 0.041667
2 0.234896 0.338889 0.0375 0.062963
2 0.211198 0.414352 0.036979 0.058333
2 0.227865 0.226389 0.045312 0.080556
0 0.459635 0.421759 0.075521 0.052778
0 0.459115 0.802778 0.082812 0.042593
1 0.265625 0.438889 0.053125 0.07963
0 0.291146 0.388889 0.072917 0.02963
1 0.403906 0.775463 0.077604 0.04537
0 0.215625 0.508333 0.063542 0.096296
0 0.4125 0.822222 0.078125 0.027778
0 0.320312 0.35463 0.05 0.092593
0 0.529427 0.148148 0.023438 0.125926
0 0.615365 0.905556 0.075521 0.077778
0 0.68151 0.312963 0.070312 0.088889
1 0.377344 0.389815 0.031771 0.127778
1 0.529167 0.657407 0.026042 0.146296
1 0.677865 0.613426 0.030729 0.117593
1 0.460938 0.372685 0.080208 0.047222
2 0.19349 0.377315 0.046354 0.034259
0 0.201042 0.328241 0.067708 0.047222
