2 0.767448 0.256944 0.025521 0.039815
2 0.775781 0.213426 0.020313 0.04537
2 0.745573 0.403241 0.033854 0.073148
2 0.365625 0.413426 0.05 0.049074
2 0.249479 0.569907 0.054167 0.047222
2 0.216146 0.382407 0.03125 0.035185
2 0.464844 0.392593 0.036979 0.062963
2 0.522135 0.372222 0.029687 0.074074
2 0.497396 0.393519 0.017708 0.051852
2 0.207552 0.42037 0.022396 0.053704
2 0.397396 0.374074 0.026042 0.05
2 0.733333 0.65787 0.027083 0.084259
0 0.534375 0.214815 0.038542 0.125926
0 0.258594 0.292593 0.075521 0.053704
0 0.214583 0.468056 0.038542 0.110185
0 0.540104 0.644907 0.035417 0.136111
0 0.223177 0.324537 0.081771 0.030556
0 0.553385 0.4625 0.047396 0.093519
0 0.253906 0.434722 0.017188 0.128704
0 0.248438 0.469444 0.017708 0.15
0 0.42526 0.332407 0.071354 0.092593
0 0.528385 0.51713 0.017188 0.123148
0 0.27474 0.723148 0.089063 0.040741
0 0.270052 0.35787 0.041146 0.049074
1 0.645833 0.781019 0.023958 0.158333
1 0.351042 0.182407 0.078125 0.02963
1 0.497135 0.444907 0.066146 0.062037
1 0.428906 0.48287 0.058854 0.099074
1 0.326042 0.344907 0.061458 0.071296
1 0.495312 0.550463 0.061458 0.073148
