1 0.257031 0.270833 0.044271 0.108333
0 0.380208 0.310185 0.080208 0.037037
0 0.495573 0.289815 0.029687 0.135185
2 0.73125 0.2625 0.03125 0.043519
2 0.75599 0.176389 0.024479 0.067593
1 0.730208 0.575926 0.057292 0.133333
2 0.761198 0.649074 0.047396 0.035185
0 0.635156 0.803704 0.085938 0.07963
2 0.458073 0.90787 0.038021 0.04537
2 0.456771 0.951389 0.051042 0.052778
2 0.404167 0.593981 0.051042 0.058333
1 0.480208 0.646296 0.038542 0.140741
0 0.489583 0.514815 0.025 0.137037
0 0.523438 0.456481 0.073958 0.053704
2 0.485677 0.414352 0.030729 0.037963
2 0.280469 0.338426 0.046354 0.043519
2 0.259375 0.386111 0.042708 0.025926
0 0.17526 0.346759 0.064062 0.082407
0 0.182812 0.433333 0.015625 0.114815
0 0.265625 0.475463 0.088542 0.025
2 0.282813 0.448148 0.035417 0.037037
1 0.46901 0.308796 0.028646 0.119444
1 0.45599 0.379167 0.080729 0.028704
0 0.207552 0.446759 0.030729 0.141667
1 0.449479 0.327315 0.048958 0.058333
2 0.458594 0.361574 0.023438 0.030556
0 0.222656 0.356019 0.069271 0.036111
