2 0.686979 0.173611 0.021875 0.041667
2 0.463542 0.269907 0.030208 0.052778
2 0.497656 0.119907 0.022396 0.067593
2 0.504687 0.551852 0.044792 0.033333
2 0.728385 0.204167 0.026562 0.037963
2 0.207292 0.315741 0.042708 0.057407
2 0.089583 0.177315 0.052083 0.060185
2 0.467187 0.123611 0.033333 0.075
2 0.398958 0.316667 0.030208 0.035185
2 0.360156 0.329167 0.024479 0.062037
2 0.528385 0.223611 0.024479 0.073148
0 0.536458 0.853704 0.020833 0.138889
0 0.53776 0.2 0.031771 0.122222
0 0.510417 0.806481 0.017708 0.151852
0 0.366146 0.241204 0.077083 0.047222
0 0.276562 0.730556 0.080208 0.074074
0 0.375521 0.3 0.021875 0.072222
0 0.345833 0.318519 0.0375 0.103704
0 0.495573 0.416204 0.060937 0.058333
0 0.510938 0.354167 0.058333 0.089815
0 0.53724 0.589352 0.021354 0.134259
0 0.144792 0.308333 0.077083 0.064815
0 0.533333 0.422685 0.016667 0.126852
1 0.783333 0.185648 0.077083 0.04537
1 0.515885 0.488889 0.052604 0.087037
1 0.451823 0.350463 0.071354 0.063889
1 0.282031 0.298148 0.059896 0.083333
1 0.472917 0.690278 0.041667 0.121296
1 0.515885 0.637963 0.047396 0.12037
