2 0.83151 0.468056 0.045312 0.076852
2 0.56901 0.38287 0.039062 0.073148
2 0.667448 0.440741 0.040104 0.072222
2 0.740104 0.455093 0.022917 0.052778
2 0.271875 0.503241 0.027083 0.050926
2 0.384896 0.39213 0.0375 0.069444
2 0.686458 0.388426 0.023958 0.04537
2 0.546094 0.152778 0.018229 0.074074
2 0.574219 0.234259 0.024479 0.092593
2 0.405208 0.206481 0.027083 0.064815
2 0.498437 0.191204 0.026042 0.063889
2 0.573438 0.104167 0.021875 0.076852
2 0.592708 0.560648 0.020833 0.049074
0 0.480469 0.556944 0.021354 0.143519
0 0.352083 0.369907 0.042708 0.09537
1 0.385156 0.15 0.042188 0.107407
1 0.315885 0.40463 0.047396 0.094444
0 0.603125 0.680556 0.016667 0.131481
0 0.327344 0.181944 0.036979 0.115741
0 0.445833 0.389352 0.039583 0.119444
0 0.425521 0.73287 0.055208 0.125
0 0.560677 0.616667 0.072396 0.075926
0 0.34375 0.535185 0.0625 0.105556
0 0.266146 0.268519 0.023958 0.125926
1 0.569271 0.52037 0.036458 0.094444
1 0.58099 0.473611 0.035937 0.113889
2 0.221354 0.769907 0.038542 0.082407
1 0.230729 0.799537 0.086458 0.032407
1 0.547135 0.381944 0.057812 0.065741
1 0.390104 0.176852 0.054167 0.077778
