2 0.460677 0.131944 0.026562 0.058333
2 0.652604 0.149074 0.019792 0.040741
2 0.416667 0.272222 0.021875 0.057407
2 0.6875 0.171759 0.023958 0.034259
2 0.425781 0.093056 0.034896 0.069444
2 0.352344 0.318056 0.032813 0.034259
2 0.168229 0.322222 0.040625 0.05
2 0.457031 0.194444 0.035937 0.064815
2 0.310417 0.324537 0.038542 0.05463
2 0.464583 0.538889 0.04375 0.040741
2 0.040625 0.191204 0.035417 0.078704
0 0.23776 0.341667 0.022396 0.124074
0 0.335156 0.233796 0.080729 0.034259
0 0.498437 0.199074 0.016667 0.124074
0 0.095833 0.328241 0.079167 0.062037
0 0.489323 0.412963 0.033854 0.109259
0 0.467448 0.789815 0.017188 0.144444
0 0.479948 0.830093 0.014063 0.136111
1 0.493229 0.661574 0.034375 0.115741
0 0.446094 0.306019 0.043229 0.102778
0 0.453385 0.370833 0.045312 0.093519
0 0.505208 0.591204 0.051042 0.106481
0 0.275781 0.658796 0.075521 0.082407
1 0.453125 0.368981 0.045833 0.097222
1 0.46875 0.608796 0.055208 0.099074
1 0.396875 0.350463 0.066667 0.062037
1 0.259896 0.271759 0.052083 0.091667
1 0.494271 0.464815 0.034375 0.111111
1 0.736719 0.19213 0.074479 0.047222
