2 0.808333 0.175 0.020833 0.042593
2 0.775521 0.205093 0.022917 0.041667
2 0.502344 0.533796 0.027604 0.05463
2 0.497656 0.836574 0.039062 0.080556
2 0.504948 0.274074 0.033854 0.059259
2 0.511719 0.390278 0.045312 0.052778
2 0.685677 0.681481 0.025521 0.094444
2 0.671094 0.671759 0.020313 0.076852
2 0.228385 0.522222 0.017188 0.087037
2 0.19349 0.394444 0.030729 0.038889
2 0.322917 0.318519 0.047917 0.05
0 0.23724 0.329167 0.076563 0.037963
0 0.56875 0.41713 0.076042 0.050926
0 0.444792 0.35 0.069792 0.051852
0 0.180729 0.786111 0.079167 0.064815
0 0.19974 0.442593 0.020313 0.118519
0 0.538281 0.564352 0.079687 0.056481
0 0.214844 0.362963 0.063021 0.048148
0 0.409375 0.331481 0.055208 0.103704
1 0.442448 0.397685 0.054688 0.082407
0 0.227344 0.443519 0.019271 0.1
0 0.618229 0.730093 0.042708 0.130556
0 0.213802 0.473611 0.019271 0.128704
1 0.28099 0.076389 0.056771 0.09537
1 0.517448 0.657407 0.051562 0.107407
1 0.275781 0.310185 0.064062 0.066667
1 0.420312 0.486574 0.046875 0.113889
1 0.373958 0.464815 0.034375 0.125926
