2 0.857552 0.159259 0.018229 0.074074
2 0.197917 0.523148 0.052083 0.068519
2 0.317188 0.743981 0.069792 0.063889
2 0.536198 0.361111 0.027604 0.051852
2 0.543229 0.940741 0.020833 0.105556
2 0.901302 0.309259 0.026562 0.040741
2 0.478125 0.366667 0.032292 0.037037
2 0.538802 0.695833 0.020313 0.060185
2 0.558333 0.1375 0.033333 0.047222
2 0.554427 0.418519 0.039062 0.059259
2 0.447135 0.735185 0.021354 0.035185
2 0.404427 0.756481 0.040104 0.077778
2 0.255469 0.56713 0.030729 0.043519
2 0.269271 0.51713 0.044792 0.056481
2 0.428906 0.256481 0.019271 0.033333
2 0.530469 0.593981 0.034896 0.060185
2 0.429948 0.810185 0.020313 0.1
0 0.235417 0.335185 0.078125 0.061111
1 0.33151 0.092593 0.058854 0.077778
0 0.536458 0.544907 0.073958 0.060185
1 0.51224 0.783796 0.028646 0.137963
0 0.38724 0.369907 0.072396 0.073148
1 0.411198 0.380556 0.028646 0.105556
1 0.35625 0.286574 0.072917 0.028704
0 0.571875 0.839352 0.042708 0.121296
0 0.415885 0.307407 0.077604 0.022222
0 0.629687 0.748611 0.088542 0.065741
0 0.761979 0.639815 0.091667 0.066667
1 0.386719 0.218981 0.038021 0.113889
1 0.585677 0.439815 0.053646 0.074074
1 0.523958 0.418519 0.036458 0.125926
2 0.564844 0.203704 0.054688 0.055556
1 0.513281 0.515278 0.028646 0.078704
0 0.540365 0.80463 0.045312 0.118519
