2 0.811979 0.19213 0.0375 0.058333
2 0.2625 0.310648 0.0375 0.043519
2 0.757031 0.413426 0.027604 0.076852
2 0.703906 0.776389 0.034896 0.080556
2 0.391927 0.336111 0.040104 0.066667
2 0.217188 0.427778 0.05 0.048148
2 0.701823 0.675926 0.050521 0.057407
2 0.240625 0.483333 0.033333 0.07037
2 0.491667 0.449074 0.01875 0.055556
2 0.222917 0.476852 0.023958 0.066667
0 0.344531 0.757407 0.084896 0.048148
0 0.23151 0.568056 0.031771 0.121296
0 0.372917 0.391204 0.080208 0.017593
0 0.42474 0.412037 0.074479 0.024074
0 0.257292 0.547222 0.042708 0.12037
0 0.418229 0.800926 0.082292 0.033333
0 0.522135 0.694444 0.043229 0.138889
0 0.50026 0.198148 0.033854 0.107407
0 0.298958 0.438426 0.036458 0.110185
0 0.473438 0.229167 0.079167 0.062037
0 0.527604 0.422222 0.017708 0.133333
1 0.521354 0.571296 0.036458 0.114815
0 0.34974 0.412037 0.077604 0.02037
1 0.34375 0.455093 0.057292 0.076852
1 0.503646 0.483796 0.030208 0.123148
1 0.624479 0.828704 0.0625 0.122222
