0 0.132552 0.259722 0.076563 0.058333
2 0.3875 0.206481 0.042708 0.087037
0 0.709375 0.031019 0.084375 0.050926
1 0.777083 0.091204 0.082292 0.041667
2 0.763021 0.251852 0.029167 0.059259
2 0.839844 0.438426 0.046354 0.089815
0 0.759115 0.755556 0.116146 0.044444
0 0.567187 0.943519 0.085417 0.1
2 0.360938 0.43287 0.05625 0.04537
2 0.333333 0.508333 0.0625 0.066667
2 0.431771 0.483333 0.036458 0.068519
2 0.475521 0.368056 0.029167 0.067593
2 0.54401 0.374537 0.023438 0.082407
2 0.539323 0.450463 0.017188 0.058333
0 0.566146 0.651852 0.042708 0.146296
2 0.523177 0.675 0.044271 0.059259
1 0.534115 0.578704 0.021354 0.122222
1 0.270313 0.397685 0.060417 0.086111
1 0.240365 0.431944 0.072396 0.050926
0 0.221094 0.5 0.076563 0.05
0 0.222656 0.44537 0.076563 0.046296
2 0.296615 0.452778 0.038021 0.033333
1 0.516406 0.406019 0.066146 0.043519
0 0.530729 0.703241 0.05625 0.091667
0 0.261719 0.476852 0.061979 0.038889
0 0.524479 0.464815 0.022917 0.098148
