2 0.735417 0.163426 0.023958 0.062037
2 0.784635 0.15787 0.020313 0.056481
0 0.6 0.475926 0.082292 0.07037
1 0.782813 0.483333 0.053125 0.140741
2 0.792969 0.451852 0.053646 0.027778
0 0.709635 0.736111 0.078646 0.083333
2 0.576042 0.656019 0.039583 0.05463
1 0.551302 0.599537 0.044271 0.087963
1 0.526302 0.269444 0.028646 0.122222
1 0.285938 0.29537 0.065625 0.101852
0 0.261198 0.401389 0.071354 0.050926
0 0.300781 0.508333 0.057812 0.096296
2 0.560677 0.868056 0.025521 0.062037
2 0.576562 0.910185 0.025 0.077778
1 0.48125 0.361574 0.070833 0.036111
1 0.548698 0.299537 0.020313 0.110185
0 0.448698 0.343519 0.107812 0.053704
0 0.346875 0.493056 0.045833 0.121296
2 0.320573 0.408333 0.041146 0.025926
0 0.322917 0.387963 0.073958 0.038889
0 0.26849 0.485648 0.036979 0.106481
0 0.533333 0.413426 0.036458 0.123148
