2 0.347135 0.125 0.038021 0.057407
2 0.245312 0.572685 0.035417 0.047222
2 0.680469 0.319444 0.020313 0.044444
2 0.682031 0.263889 0.027604 0.033333
2 0.7 0.190741 0.035417 0.077778
2 0.417969 0.517593 0.035937 0.031481
2 0.25599 0.343981 0.034896 0.067593
2 0.69349 0.765278 0.044271 0.069444
2 0.396875 0.170833 0.022917 0.082407
2 0.638802 0.548611 0.028646 0.075
2 0.170833 0.41713 0.047917 0.05463
2 0.73151 0.112037 0.018229 0.07037
2 0.402604 0.19213 0.014583 0.049074
0 0.705729 0.706481 0.088542 0.044444
0 0.251563 0.419444 0.089583 0.059259
0 0.436719 0.552778 0.071354 0.044444
0 0.494531 0.570833 0.051562 0.108333
0 0.328906 0.797685 0.085938 0.047222
0 0.614583 0.300926 0.029167 0.114815
0 0.570052 0.631019 0.065104 0.084259
0 0.298177 0.343519 0.066146 0.087037
0 0.447917 0.337037 0.042708 0.1
1 0.611458 0.688426 0.080208 0.030556
1 0.305469 0.729167 0.076563 0.047222
1 0.456771 0.268056 0.009375 0.060185
1 0.464323 0.233333 0.035937 0.103704
1 0.38099 0.248148 0.070312 0.059259
1 0.431771 0.153241 0.060417 0.030556
1 0.4875 0.598148 0.05625 0.083333
