2 0.524219 0.103704 0.029687 0.059259
2 0.828646 0.337037 0.026042 0.040741
2 0.793229 0.175926 0.01875 0.074074
2 0.488281 0.394444 0.022396 0.051852
2 0.55 0.695833 0.026042 0.069444
2 0.385156 0.756944 0.024479 0.065741
2 0.60625 0.953241 0.060417 0.043519
2 0.461719 0.80787 0.029687 0.052778
2 0.608594 0.659722 0.036979 0.069444
2 0.264844 0.568519 0.044271 0.051852
2 0.325 0.791204 0.01875 0.039815
2 0.536979 0.453241 0.030208 0.080556
2 0.345573 0.806019 0.057812 0.058333
2 0.484635 0.819444 0.031771 0.031481
2 0.504948 0.901852 0.056771 0.035185
2 0.569531 0.78287 0.028646 0.025
2 0.358073 0.82037 0.034896 0.037037
2 0.234635 0.62963 0.054688 0.055556
2 0.522135 0.393981 0.036979 0.047222
2 0.53099 0.396759 0.019271 0.034259
2 0.605469 0.275 0.046354 0.07963
0 0.523177 0.54213 0.015104 0.134259
0 0.657552 0.687037 0.020313 0.142593
0 0.668229 0.793981 0.091667 0.032407
0 0.229427 0.399074 0.081771 0.053704
1 0.373698 0.403241 0.077604 0.041667
0 0.552865 0.8125 0.020313 0.134259
0 0.361719 0.360185 0.073438 0.02963
2 0.527344 0.796296 0.028646 0.066667
1 0.327083 0.275926 0.073958 0.031481
1 0.278125 0.230093 0.019792 0.117593
1 0.514583 0.82963 0.019792 0.135185
1 0.288021 0.155556 0.066667 0.042593
0 0.385156 0.39537 0.076563 0.035185
1 0.511979 0.509722 0.017708 0.132407
