2 0.833594 0.433796 0.022396 0.076852
2 0.74375 0.213426 0.022917 0.043519
2 0.470312 0.247685 0.028125 0.056481
2 0.82474 0.348148 0.019271 0.042593
2 0.621094 0.805093 0.041146 0.065741
2 0.490625 0.250463 0.036458 0.073148
2 0.266146 0.212037 0.055208 0.048148
2 0.657292 0.64537 0.029167 0.064815
2 0.71901 0.582407 0.034896 0.081481
2 0.24349 0.28287 0.042188 0.060185
2 0.547656 0.525926 0.025521 0.087037
2 0.22526 0.445833 0.029687 0.039815
0 0.67474 0.546296 0.023438 0.138889
0 0.458854 0.772685 0.04375 0.137963
0 0.788021 0.495833 0.076042 0.073148
0 0.279687 0.701852 0.078125 0.074074
0 0.210417 0.417593 0.069792 0.074074
0 0.403646 0.393056 0.060417 0.078704
0 0.315104 0.410648 0.09375 0.062037
0 0.740885 0.719444 0.082812 0.081481
0 0.432552 0.393981 0.040104 0.097222
1 0.358073 0.723148 0.083854 0.031481
1 0.463021 0.156019 0.052083 0.108333
1 0.404948 0.315741 0.078646 0.05
1 0.764844 0.404167 0.058854 0.093519
1 0.534375 0.839815 0.086458 0.055556
1 0.423698 0.473611 0.064062 0.069444
