2 0.798177 0.329167 0.024479 0.041667
2 0.601302 0.900463 0.023438 0.078704
2 0.203385 0.493056 0.023438 0.058333
2 0.527604 0.306019 0.052083 0.05463
2 0.482292 0.413889 0.039583 0.064815
2 0.663021 0.77037 0.021875 0.066667
2 0.340104 0.183796 0.021875 0.089815
2 0.845573 0.485185 0.047396 0.057407
2 0.221094 0.427778 0.053646 0.040741
2 0.288542 0.274074 0.044792 0.048148
2 0.705729 0.656944 0.022917 0.078704
2 0.457552 0.216667 0.032813 0.088889
2 0.841927 0.440278 0.019271 0.047222
0 0.483333 0.82963 0.021875 0.159259
0 0.759896 0.468056 0.033333 0.132407
0 0.204427 0.156019 0.076563 0.04537
0 0.314323 0.4375 0.078646 0.052778
0 0.690625 0.599537 0.015625 0.139815
0 0.445573 0.323148 0.075521 0.033333
0 0.268229 0.711111 0.069792 0.092593
0 0.371615 0.374074 0.055729 0.077778
0 0.727083 0.783796 0.070833 0.106481
0 0.309896 0.389815 0.075 0.048148
1 0.416146 0.518056 0.076042 0.039815
1 0.68776 0.068519 0.073438 0.07037
1 0.342708 0.753704 0.08125 0.042593
1 0.522135 0.878704 0.057812 0.122222
1 0.44375 0.34537 0.06875 0.02037
