2 0.540365 0.189815 0.034896 0.1
2 0.941927 0.364352 0.021354 0.047222
2 0.486719 0.373611 0.032813 0.028704
2 0.544271 0.359259 0.032292 0.037037
2 0.561198 0.526852 0.018229 0.061111
2 0.482812 0.173611 0.019792 0.036111
2 0.563542 0.886574 0.021875 0.102778
2 0.558854 0.610648 0.041667 0.065741
2 0.335677 0.755556 0.065104 0.059259
2 0.640104 0.758796 0.03125 0.073148
2 0.278646 0.591667 0.030208 0.037037
2 0.372917 0.748611 0.028125 0.036111
2 0.422917 0.720833 0.01875 0.034259
2 0.474479 0.806944 0.046875 0.062037
2 0.839323 0.181944 0.051562 0.047222
2 0.483854 0.413426 0.022917 0.050926
2 0.289583 0.528241 0.041667 0.058333
2 0.448698 0.775926 0.041146 0.05
2 0.55026 0.808796 0.038021 0.060185
2 0.277865 0.564352 0.026562 0.091667
2 0.471875 0.759259 0.020833 0.027778
2 0.551562 0.397222 0.038542 0.040741
1 0.463802 0.242593 0.025521 0.118519
0 0.657292 0.826389 0.042708 0.126852
0 0.566146 0.745833 0.038542 0.137963
0 0.60625 0.5125 0.077083 0.069444
0 0.26849 0.3125 0.078646 0.065741
0 0.352344 0.070833 0.065104 0.067593
0 0.81875 0.681944 0.09375 0.052778
1 0.43125 0.337963 0.078125 0.02037
1 0.602083 0.438426 0.065625 0.067593
1 0.524219 0.776389 0.018229 0.147222
1 0.547917 0.526389 0.017708 0.126852
0 0.372396 0.365278 0.073958 0.030556
1 0.402083 0.387963 0.06875 0.057407
1 0.536979 0.418981 0.055208 0.082407
1 0.361979 0.344907 0.069792 0.017593
