2 0.72474 0.402315 0.023438 0.043519
2 0.215365 0.538426 0.027604 0.052778
2 0.701302 0.337037 0.021354 0.042593
2 0.734635 0.206481 0.021354 0.07037
2 0.448958 0.236111 0.030208 0.07037
2 0.524219 0.674074 0.016146 0.053704
2 0.311198 0.345833 0.026562 0.076852
2 0.505469 0.250463 0.028646 0.034259
2 0.770052 0.240741 0.046354 0.048148
2 0.523177 0.182407 0.021354 0.055556
2 0.225521 0.393981 0.040625 0.050926
2 0.498958 0.196296 0.028125 0.061111
2 0.636979 0.644444 0.023958 0.07963
0 0.369531 0.1375 0.064062 0.087963
0 0.504167 0.723611 0.070833 0.050926
0 0.663021 0.693981 0.075 0.071296
0 0.482812 0.713426 0.067708 0.073148
0 0.325521 0.763426 0.064583 0.089815
0 0.259115 0.400463 0.073438 0.05463
0 0.42526 0.418056 0.072396 0.069444
0 0.76875 0.514815 0.04375 0.109259
1 0.336198 0.739815 0.088021 0.059259
1 0.540365 0.178704 0.011979 0.125926
1 0.663021 0.784259 0.04375 0.131481
0 0.47526 0.205093 0.055729 0.069444
1 0.483854 0.606944 0.0875 0.041667
1 0.453125 0.29213 0.053125 0.097222
2 0.545312 0.252315 0.04375 0.037963
1 0.51901 0.263426 0.021354 0.117593
1 0.292969 0.399074 0.061979 0.035185
