2 0.432552 0.322222 0.024479 0.048148
2 0.73776 0.182407 0.025521 0.042593
2 0.311719 0.358796 0.033854 0.039815
2 0.745313 0.113889 0.020833 0.044444
2 0.227865 0.473148 0.033854 0.044444
2 0.361979 0.393056 0.044792 0.034259
2 0.270052 0.336111 0.038021 0.066667
2 0.770052 0.477315 0.038021 0.071296
2 0.842448 0.336111 0.026562 0.07037
2 0.616927 0.832407 0.035937 0.059259
2 0.500781 0.337037 0.034896 0.053704
0 0.567448 0.711111 0.032813 0.138889
0 0.560937 0.577315 0.029167 0.115741
0 0.525 0.250926 0.020833 0.122222
0 0.536458 0.285648 0.030208 0.102778
0 0.796875 0.335185 0.053125 0.101852
0 0.805729 0.45 0.059375 0.107407
0 0.18125 0.364352 0.080208 0.04537
0 0.567969 0.781944 0.046354 0.123148
0 0.543229 0.439352 0.06875 0.071296
0 0.180469 0.849074 0.045312 0.068519
0 0.319271 0.448148 0.070833 0.066667
1 0.255729 0.189352 0.030208 0.126852
1 0.522396 0.385185 0.08125 0.033333
1 0.66875 0.282407 0.071875 0.077778
1 0.476823 0.711574 0.082812 0.05463
1 0.427344 0.362963 0.076563 0.038889
0 0.569792 0.523611 0.039583 0.10463
2 0.125 0.358333 0.042708 0.033333
