2 0.789844 0.199537 0.025521 0.041667
2 0.472396 0.422685 0.01875 0.060185
2 0.732812 0.166204 0.022917 0.039815
2 0.434375 0.411111 0.05 0.066667
2 0.742448 0.629167 0.049479 0.058333
2 0.503385 0.380556 0.024479 0.055556
2 0.257552 0.608796 0.020313 0.069444
2 0.556771 0.674537 0.022917 0.080556
2 0.503646 0.431481 0.038542 0.046296
2 0.248177 0.471759 0.027604 0.034259
0 0.225 0.541667 0.036458 0.111111
0 0.28151 0.770833 0.082812 0.063889
0 0.544271 0.619907 0.04375 0.126852
0 0.265365 0.549537 0.046354 0.123148
0 0.522396 0.564352 0.022917 0.117593
0 0.482812 0.343519 0.03125 0.116667
0 0.232813 0.344907 0.070833 0.084259
0 0.240885 0.436111 0.069271 0.037037
0 0.185677 0.456481 0.045312 0.122222
0 0.349219 0.313426 0.032813 0.130556
0 0.524479 0.449537 0.032292 0.112037
1 0.26875 0.127315 0.076042 0.050926
1 0.695573 0.69213 0.029687 0.160185
1 0.475521 0.577778 0.019792 0.138889
1 0.3 0.437963 0.061458 0.085185
1 0.53724 0.487037 0.015104 0.124074
2 0.219792 0.482407 0.0375 0.025926
