2 0.670052 0.174537 0.017188 0.043519
2 0.192708 0.326852 0.04375 0.02963
2 0.704688 0.195833 0.022917 0.030556
2 0.392188 0.322222 0.019792 0.057407
2 0.176563 0.349537 0.030208 0.030556
2 0.486719 0.146296 0.057812 0.066667
2 0.476562 0.296296 0.014583 0.068519
2 0.371615 0.338426 0.027604 0.032407
2 0.332031 0.317593 0.045312 0.038889
2 0.314844 0.341667 0.042188 0.040741
2 0.04349 0.181481 0.027604 0.087037
2 0.46875 0.555093 0.04375 0.049074
0 0.226823 0.369444 0.018229 0.124074
0 0.549219 0.838426 0.016146 0.139815
0 0.275 0.706481 0.085417 0.059259
0 0.509635 0.466667 0.023438 0.124074
0 0.509896 0.637037 0.039583 0.140741
0 0.354427 0.249537 0.076563 0.028704
0 0.110677 0.312963 0.066146 0.085185
0 0.489063 0.235648 0.014583 0.10463
0 0.513542 0.7875 0.021875 0.147222
0 0.48125 0.337963 0.03125 0.127778
1 0.773177 0.228704 0.077604 0.046296
1 0.413281 0.377778 0.079687 0.031481
1 0.29974 0.245833 0.060937 0.067593
1 0.484115 0.412963 0.030729 0.122222
