2 0.33776 0.251852 0.025521 0.057407
2 0.185677 0.426389 0.025521 0.052778
2 0.510156 0.384259 0.028646 0.051852
2 0.739323 0.353704 0.043229 0.037037
2 0.507552 0.897685 0.034896 0.065741
2 0.413021 0.244907 0.038542 0.069444
2 0.247656 0.363426 0.027604 0.078704
2 0.696875 0.114352 0.019792 0.037963
2 0.222656 0.51713 0.029687 0.065741
2 0.705729 0.096759 0.014583 0.039815
2 0.261979 0.325 0.030208 0.064815
2 0.055208 0.232407 0.030208 0.087037
2 0.101042 0.856481 0.057292 0.055556
2 0.497917 0.425926 0.035417 0.040741
0 0.776302 0.340278 0.084896 0.04537
0 0.516927 0.756019 0.019271 0.152778
0 0.484635 0.482407 0.055729 0.094444
0 0.43125 0.777315 0.089583 0.030556
0 0.472135 0.234722 0.044271 0.119444
0 0.474479 0.413426 0.06875 0.025
0 0.210677 0.550926 0.038021 0.114815
0 0.661458 0.290741 0.063542 0.085185
0 0.173698 0.206944 0.064062 0.080556
0 0.5125 0.615278 0.032292 0.113889
1 0.667188 0.112037 0.034375 0.12037
1 0.419792 0.419444 0.06875 0.053704
1 0.35 0.427315 0.079167 0.036111
1 0.403385 0.796759 0.078646 0.049074
1 0.522917 0.544444 0.014583 0.127778
1 0.189062 0.2 0.057292 0.066667
