2 0.747656 0.203241 0.026562 0.041667
2 0.253646 0.459259 0.023958 0.048148
2 0.286458 0.437963 0.045833 0.037037
2 0.457552 0.458333 0.025521 0.044444
2 0.729688 0.549537 0.033333 0.078704
2 0.510156 0.255556 0.033854 0.037037
2 0.352865 0.44537 0.026562 0.092593
2 0.627865 0.87963 0.041146 0.044444
2 0.484896 0.396759 0.0375 0.050926
2 0.575781 0.928704 0.049479 0.053704
2 0.653125 0.060648 0.019792 0.04537
2 0.265365 0.535648 0.047396 0.063889
0 0.585156 0.639815 0.089063 0.037037
0 0.158073 0.530556 0.036979 0.118519
0 0.629167 0.206019 0.0375 0.113889
0 0.173698 0.418981 0.072396 0.032407
0 0.533333 0.421296 0.069792 0.057407
0 0.211198 0.390278 0.064062 0.065741
0 0.414062 0.577315 0.08125 0.030556
0 0.469531 0.440278 0.052604 0.082407
0 0.198698 0.478241 0.046354 0.078704
1 0.221615 0.31713 0.034896 0.113889
1 0.497135 0.524074 0.058854 0.07963
1 0.429688 0.4125 0.04375 0.067593
1 0.504427 0.286574 0.066146 0.065741
1 0.682292 0.527778 0.059375 0.109259
1 0.473438 0.631944 0.047917 0.102778
1 0.515365 0.755093 0.074479 0.036111
2 0.172396 0.387037 0.039583 0.027778
0 0.2125 0.430093 0.075 0.021296
