2 0.220573 0.587037 0.031771 0.048148
2 0.685677 0.368056 0.024479 0.063889
2 0.522135 0.060648 0.026562 0.062037
2 0.522656 0.319907 0.021354 0.050926
2 0.517448 0.561111 0.025521 0.061111
2 0.439583 0.20787 0.044792 0.056481
2 0.741927 0.274074 0.028646 0.081481
2 0.215885 0.326852 0.029687 0.077778
2 0.497917 0.216204 0.040625 0.036111
2 0.790104 0.236574 0.039583 0.058333
0 0.586458 0.838889 0.028125 0.133333
0 0.458333 0.747222 0.029167 0.146296
0 0.246094 0.410648 0.096354 0.032407
0 0.28724 0.776389 0.060937 0.102778
0 0.429427 0.299537 0.073438 0.05463
0 0.673177 0.6 0.016146 0.074074
0 0.688021 0.613889 0.017708 0.125926
0 0.390885 0.113889 0.057812 0.07963
1 0.295312 0.33287 0.067708 0.067593
0 0.597396 0.549074 0.079167 0.072222
1 0.6375 0.719907 0.08125 0.056481
1 0.539062 0.235185 0.052083 0.087037
1 0.320052 0.712037 0.075521 0.055556
1 0.479687 0.329167 0.042708 0.100926
1 0.489323 0.275463 0.014063 0.112037
1 0.363802 0.420833 0.058854 0.097222
2 0.41875 0.14213 0.040625 0.071296
