2 0.742188 0.130093 0.027083 0.037963
2 0.697656 0.036111 0.023438 0.038889
2 0.48125 0.497222 0.020833 0.057407
2 0.240885 0.324537 0.022396 0.05463
2 0.435937 0.233333 0.032292 0.077778
2 0.18151 0.468981 0.026562 0.065741
2 0.152604 0.389815 0.053125 0.042593
2 0.677604 0.199537 0.036458 0.052778
2 0.691146 0.746296 0.053125 0.048148
2 0.640365 0.6625 0.024479 0.086111
2 0.245312 0.130556 0.046875 0.057407
0 0.44349 0.113889 0.081771 0.035185
0 0.340885 0.806019 0.077604 0.050926
0 0.195312 0.543056 0.04375 0.121296
0 0.496094 0.608796 0.067187 0.091667
0 0.23776 0.375 0.069271 0.066667
0 0.304688 0.435648 0.070833 0.071296
0 0.278385 0.337963 0.038021 0.048148
0 0.177083 0.5375 0.026042 0.089815
0 0.310417 0.314352 0.06875 0.073148
0 0.46276 0.389815 0.035937 0.125926
0 0.277865 0.751389 0.067187 0.09537
1 0.623698 0.885185 0.082812 0.059259
1 0.342448 0.175926 0.066146 0.046296
1 0.372396 0.175 0.054167 0.074074
1 0.354167 0.476852 0.064583 0.07037
1 0.433594 0.41713 0.066146 0.063889
