2 0.734635 0.278241 0.025521 0.041667
2 0.246094 0.3375 0.033854 0.060185
2 0.663021 0.759722 0.029167 0.062037
2 0.216406 0.574074 0.033854 0.038889
2 0.464844 0.318519 0.022396 0.05
2 0.272135 0.271759 0.040104 0.071296
2 0.858594 0.516667 0.041146 0.072222
2 0.480208 0.494907 0.036458 0.073148
2 0.485156 0.338426 0.032813 0.075
2 0.817187 0.437963 0.029167 0.033333
2 0.632031 0.923148 0.032813 0.075926
2 0.727604 0.664815 0.030208 0.081481
2 0.219531 0.52037 0.051562 0.038889
0 0.698177 0.655093 0.028646 0.134259
0 0.316927 0.528241 0.079687 0.049074
0 0.128646 0.172685 0.076042 0.04537
0 0.27526 0.810648 0.073438 0.078704
0 0.30599 0.476389 0.077604 0.047222
0 0.378646 0.464815 0.064583 0.085185
0 0.761979 0.533333 0.04375 0.124074
0 0.761719 0.834259 0.081771 0.085185
1 0.540625 0.955093 0.083333 0.039815
1 0.416927 0.590741 0.069271 0.055556
1 0.355469 0.836574 0.082812 0.041667
1 0.691146 0.060648 0.058333 0.082407
1 0.403906 0.3875 0.072396 0.028704
1 0.427865 0.3375 0.065104 0.063889
1 0.44375 0.257407 0.0375 0.088889
0 0.484896 0.90787 0.03125 0.160185
