2 0.297656 0.528704 0.027604 0.055556
2 0.499219 0.225926 0.027604 0.053704
2 0.771875 0.496759 0.029167 0.041667
2 0.710938 0.41713 0.027083 0.043519
2 0.542969 0.186111 0.025521 0.072222
2 0.532031 0.278241 0.020313 0.067593
2 0.616667 0.131019 0.029167 0.063889
2 0.863021 0.534722 0.044792 0.075
2 0.404167 0.416667 0.045833 0.066667
2 0.267448 0.829167 0.023438 0.086111
2 0.600521 0.243056 0.05625 0.049074
2 0.608594 0.543981 0.028646 0.030556
2 0.686198 0.471296 0.048438 0.055556
0 0.454687 0.413889 0.027083 0.135185
0 0.352083 0.514815 0.0375 0.12963
0 0.42526 0.790741 0.063021 0.112963
0 0.600521 0.737963 0.021875 0.140741
0 0.614844 0.698148 0.010937 0.127778
0 0.578646 0.618519 0.03125 0.124074
0 0.329427 0.364352 0.033854 0.112037
1 0.316927 0.431019 0.021354 0.10463
0 0.603906 0.468519 0.070312 0.172222
1 0.455208 0.232407 0.047917 0.103704
1 0.55625 0.386111 0.035417 0.072222
1 0.282552 0.181944 0.053646 0.108333
1 0.230729 0.865278 0.063542 0.050926
1 0.400781 0.176389 0.045312 0.115741
1 0.278125 0.294907 0.036458 0.123148
1 0.598177 0.565741 0.014063 0.118519
