2 0.503646 0.540278 0.033333 0.05463
2 0.75599 0.108796 0.025521 0.036111
2 0.698698 0.213426 0.023438 0.069444
2 0.654167 0.697222 0.046875 0.059259
2 0.698438 0.771759 0.042708 0.073148
2 0.744271 0.143981 0.017708 0.04537
2 0.145833 0.396296 0.020833 0.090741
2 0.459375 0.393519 0.032292 0.064815
2 0.215885 0.466204 0.019271 0.050926
2 0.199219 0.480556 0.016146 0.077778
2 0.464062 0.255093 0.028125 0.078704
2 0.289583 0.373148 0.028125 0.025926
0 0.321875 0.438426 0.072917 0.023148
0 0.205729 0.538889 0.058333 0.088889
0 0.288802 0.396759 0.074479 0.049074
0 0.229948 0.561111 0.040104 0.125926
0 0.34349 0.318056 0.083854 0.043519
0 0.490625 0.403704 0.021875 0.12963
0 0.570052 0.859259 0.084896 0.055556
0 0.490104 0.205556 0.070833 0.07037
0 0.35651 0.779167 0.078646 0.026852
0 0.29375 0.735185 0.075 0.074074
1 0.505469 0.636574 0.032813 0.125
1 0.470573 0.446759 0.010937 0.091667
1 0.427344 0.456944 0.070312 0.039815
1 0.396094 0.181481 0.061979 0.062963
1 0.366146 0.481944 0.058333 0.067593
1 0.621615 0.859259 0.074479 0.031481
1 0.367188 0.176389 0.069792 0.041667
1 0.346094 0.398148 0.041146 0.057407
