2 0.688281 0.098148 0.027604 0.035185
2 0.228125 0.272222 0.034375 0.038889
2 0.646615 0.758333 0.034896 0.081481
2 0.397917 0.212037 0.041667 0.064815
2 0.440365 0.470833 0.019271 0.052778
2 0.15625 0.450926 0.015625 0.044444
2 0.683594 0.22963 0.041146 0.051852
2 0.661979 0.622222 0.026042 0.087037
2 0.179167 0.414815 0.048958 0.038889
0 0.259115 0.334259 0.014063 0.074074
0 0.377344 0.114815 0.073438 0.051852
0 0.173437 0.54213 0.048958 0.113889
0 0.158333 0.494444 0.045833 0.12037
0 0.321875 0.742593 0.076042 0.035185
0 0.279167 0.302315 0.0625 0.078704
0 0.252083 0.769907 0.064583 0.089815
0 0.220052 0.35 0.074479 0.053704
0 0.254427 0.405093 0.068229 0.069444
0 0.459896 0.609722 0.05 0.123148
0 0.44349 0.307407 0.024479 0.125926
1 0.284896 0.153241 0.066667 0.043519
1 0.325 0.149537 0.060417 0.060185
1 0.335417 0.471296 0.058333 0.085185
1 0.449219 0.548148 0.017188 0.101852
1 0.442969 0.409259 0.041146 0.101852
1 0.600781 0.827315 0.054688 0.121296
