2 0.423177 0.369444 0.038021 0.07037
2 0.521094 0.923611 0.044271 0.065741
2 0.185938 0.382407 0.03125 0.035185
2 0.694531 0.153241 0.024479 0.063889
2 0.236458 0.293981 0.027083 0.078704
2 0.355729 0.215278 0.032292 0.039815
2 0.277604 0.351389 0.027083 0.087963
2 0.499479 0.380093 0.032292 0.078704
0 0.652344 0.22963 0.028646 0.12037
1 0.402344 0.750926 0.081771 0.05
0 0.367188 0.386574 0.071875 0.073148
0 0.283073 0.745833 0.056771 0.115741
0 0.707812 0.246296 0.03125 0.118519
0 0.178906 0.326852 0.052604 0.111111
1 0.663802 0.674074 0.079687 0.07963
0 0.504948 0.790741 0.051562 0.137037
0 0.176042 0.461574 0.076042 0.076852
0 0.478646 0.12037 0.05625 0.105556
1 0.68151 0.260648 0.025521 0.106481
2 0.6625 0.318056 0.047917 0.032407
1 0.31849 0.314352 0.016146 0.125
1 0.240104 0.203704 0.066667 0.040741
2 0.217708 0.781944 0.021875 0.121296
2 0.509115 0.671296 0.025521 0.059259
1 0.521875 0.643519 0.032292 0.137037
0 0.491927 0.43287 0.025521 0.112037
0 0.339323 0.149074 0.020313 0.105556
2 0.219792 0.172685 0.04375 0.039815
