2 0.791406 0.424074 0.027604 0.038889
2 0.264062 0.558333 0.0375 0.048148
2 0.757812 0.566204 0.026042 0.065741
2 0.758594 0.328704 0.038021 0.07963
2 0.717708 0.306481 0.027083 0.033333
2 0.411979 0.225 0.03125 0.02963
2 0.42526 0.128241 0.034896 0.069444
2 0.311458 0.112037 0.040625 0.062963
2 0.480469 0.453241 0.038021 0.04537
2 0.235417 0.447222 0.0375 0.075926
2 0.344531 0.381481 0.039062 0.053704
2 0.755469 0.747222 0.041146 0.07037
0 0.523958 0.840741 0.034375 0.140741
0 0.303385 0.785648 0.075521 0.063889
0 0.298177 0.434259 0.078646 0.033333
0 0.510417 0.312037 0.072917 0.061111
0 0.528385 0.652778 0.035937 0.140741
0 0.35625 0.413426 0.075 0.039815
0 0.410677 0.269907 0.074479 0.028704
0 0.708073 0.558333 0.057812 0.103704
0 0.676302 0.743519 0.082812 0.072222
1 0.315625 0.77037 0.083333 0.066667
1 0.44349 0.184259 0.093229 0.02963
1 0.364583 0.476389 0.076042 0.041667
1 0.378646 0.225463 0.060417 0.060185
1 0.69974 0.550926 0.070312 0.066667
