2 0.188021 0.390741 0.040625 0.088889
0 0.190365 0.19213 0.080729 0.065741
2 0.508854 0.247685 0.046875 0.050926
2 0.591667 0.174537 0.023958 0.039815
0 0.519271 0.124074 0.030208 0.135185
1 0.736458 0.489815 0.072917 0.125926
0 0.548958 0.877778 0.102083 0.074074
0 0.263802 0.811574 0.082812 0.073148
0 0.368229 0.660185 0.032292 0.151852
1 0.389062 0.651852 0.0125 0.118519
1 0.36276 0.431019 0.043229 0.10463
1 0.388542 0.328704 0.035417 0.118519
2 0.35625 0.348148 0.033333 0.066667
2 0.320052 0.434259 0.039062 0.042593
2 0.329427 0.394907 0.023438 0.063889
2 0.263021 0.453704 0.033333 0.062963
0 0.178646 0.569907 0.079167 0.062037
2 0.164844 0.488889 0.045312 0.051852
0 0.115365 0.473148 0.075521 0.064815
0 0.067187 0.498611 0.055208 0.10463
2 0.06875 0.543519 0.023958 0.064815
2 0.126562 0.394907 0.034375 0.075
1 0.142969 0.377778 0.058854 0.075926
1 0.234635 0.340278 0.074479 0.067593
1 0.038281 0.424074 0.068229 0.027778
1 0.072656 0.396296 0.066146 0.033333
0 0.238542 0.607407 0.040625 0.140741
