2 0.233073 0.550463 0.033854 0.043519
2 0.761458 0.452778 0.022917 0.040741
2 0.744271 0.318519 0.016667 0.048148
2 0.501042 0.185185 0.019792 0.072222
2 0.516406 0.033333 0.026562 0.064815
2 0.650521 0.743519 0.0375 0.061111
2 0.491406 0.547685 0.025521 0.047222
2 0.676302 0.243519 0.039062 0.072222
2 0.816667 0.214352 0.040625 0.065741
2 0.29375 0.3125 0.033333 0.075
2 0.466927 0.218056 0.042188 0.062037
2 0.496875 0.276389 0.017708 0.050926
2 0.238021 0.406481 0.040625 0.059259
0 0.527344 0.306481 0.018229 0.124074
0 0.671615 0.693519 0.082812 0.051852
0 0.476042 0.640278 0.076042 0.052778
0 0.273958 0.404167 0.079167 0.052778
0 0.314844 0.119444 0.079687 0.053704
1 0.492188 0.574537 0.061458 0.073148
0 0.33125 0.782407 0.066667 0.064815
1 0.526823 0.2125 0.056771 0.067593
1 0.608333 0.803704 0.065625 0.07963
1 0.330729 0.750463 0.071875 0.043519
1 0.425521 0.266204 0.063542 0.075
1 0.309896 0.409722 0.055208 0.039815
1 0.544792 0.275 0.017708 0.107407
1 0.515104 0.491667 0.066667 0.077778
1 0.707031 0.489352 0.029687 0.132407
0 0.518229 0.574537 0.071875 0.073148
