2 0.710417 0.054167 0.01875 0.069444
2 0.448958 0.244444 0.029167 0.046296
2 0.422396 0.219907 0.017708 0.082407
2 0.278125 0.620833 0.035417 0.047222
2 0.741927 0.814815 0.053646 0.051852
2 0.20625 0.462963 0.044792 0.059259
2 0.710156 0.350926 0.019271 0.038889
2 0.71276 0.295833 0.036979 0.058333
2 0.306771 0.401852 0.0375 0.059259
2 0.423437 0.432407 0.035417 0.037037
2 0.720573 0.622685 0.032813 0.065741
2 0.382552 0.168981 0.039062 0.060185
0 0.680469 0.339352 0.028646 0.117593
0 0.464062 0.4125 0.027083 0.115741
0 0.616406 0.768519 0.083854 0.055556
0 0.34401 0.828241 0.083854 0.032407
0 0.734375 0.706944 0.079167 0.067593
0 0.467969 0.513426 0.076563 0.062037
0 0.519531 0.6625 0.036979 0.165741
0 0.273438 0.462963 0.071875 0.057407
0 0.342708 0.419907 0.075 0.065741
0 0.506771 0.368519 0.033333 0.066667
1 0.672917 0.699537 0.083333 0.043519
1 0.472917 0.204167 0.075 0.04537
1 0.335677 0.796759 0.078646 0.034259
1 0.504948 0.283796 0.035937 0.115741
1 0.431771 0.315741 0.071875 0.061111
1 0.31276 0.468056 0.063021 0.04537
