2 0.215365 0.483333 0.025521 0.057407
2 0.849219 0.36713 0.024479 0.036111
2 0.517969 0.399074 0.022396 0.077778
2 0.438021 0.163889 0.01875 0.055556
2 0.530469 0.570833 0.024479 0.063889
2 0.647917 0.731481 0.039583 0.057407
2 0.815104 0.327778 0.021875 0.037037
2 0.221615 0.390278 0.051562 0.039815
2 0.320052 0.280556 0.028646 0.074074
2 0.526042 0.315741 0.051042 0.051852
2 0.814844 0.4125 0.045312 0.043519
2 0.751042 0.427315 0.0375 0.047222
2 0.423698 0.213889 0.044271 0.064815
0 0.705729 0.524074 0.017708 0.146296
0 0.186458 0.328241 0.078125 0.037963
0 0.614583 0.626852 0.03125 0.137037
0 0.359635 0.478704 0.076563 0.055556
0 0.258333 0.664352 0.084375 0.058333
0 0.390625 0.365741 0.052083 0.074074
1 0.407812 0.314815 0.077083 0.035185
0 0.51224 0.751389 0.049479 0.130556
0 0.334635 0.4125 0.083854 0.028704
0 0.424479 0.355093 0.053125 0.071296
0 0.540625 0.768981 0.033333 0.136111
1 0.34401 0.699537 0.077604 0.058333
1 0.430208 0.504167 0.079167 0.041667
1 0.680729 0.269444 0.075 0.064815
1 0.729688 0.435185 0.032292 0.142593
1 0.524219 0.239352 0.059896 0.063889
