2 0.734896 0.173148 0.021875 0.037037
2 0.805729 0.540741 0.039583 0.083333
2 0.228125 0.365278 0.025 0.039815
2 0.46901 0.64537 0.039062 0.044444
2 0.289323 0.260185 0.042188 0.035185
2 0.497917 0.914815 0.038542 0.062963
2 0.419271 0.33287 0.04375 0.037963
2 0.761458 0.176852 0.017708 0.046296
2 0.463542 0.205093 0.075 0.030556
2 0.414844 0.206481 0.030729 0.042593
2 0.85026 0.431019 0.042188 0.039815
2 0.320833 0.169907 0.047917 0.030556
2 0.303385 0.384722 0.050521 0.043519
0 0.875 0.440278 0.079167 0.058333
1 0.402344 0.386574 0.073438 0.067593
0 0.491927 0.379167 0.038021 0.108333
0 0.504948 0.303241 0.052604 0.030556
0 0.314844 0.719907 0.078646 0.080556
1 0.386458 0.34537 0.067708 0.059259
1 0.309896 0.199074 0.061458 0.059259
0 0.322917 0.241204 0.015625 0.110185
0 0.232813 0.412037 0.071875 0.07037
0 0.684115 0.363889 0.049479 0.116667
0 0.234375 0.303241 0.055208 0.097222
0 0.535677 0.786574 0.042188 0.139815
1 0.423437 0.764352 0.084375 0.043519
1 0.548438 0.653241 0.01875 0.136111
1 0.65651 0.768056 0.076563 0.10463
1 0.314583 0.318981 0.023958 0.102778
1 0.734375 0.3375 0.03125 0.126852
