2 0.38099 0.19213 0.021354 0.062037
2 0.759635 0.17963 0.022396 0.040741
2 0.717448 0.192593 0.017188 0.044444
2 0.200521 0.384722 0.048958 0.065741
2 0.673958 0.655556 0.032292 0.081481
2 0.049219 0.205556 0.046354 0.061111
2 0.536458 0.673148 0.019792 0.088889
2 0.234896 0.317593 0.042708 0.059259
2 0.35026 0.401389 0.022396 0.073148
2 0.667708 0.213426 0.025 0.058333
2 0.391146 0.356944 0.03125 0.036111
2 0.265625 0.327315 0.054167 0.069444
1 0.53125 0.693519 0.014583 0.127778
0 0.484635 0.298611 0.072396 0.060185
0 0.193229 0.54537 0.061458 0.109259
0 0.684115 0.248148 0.046354 0.105556
0 0.421094 0.701852 0.084896 0.02963
0 0.357812 0.335648 0.064583 0.086111
0 0.385937 0.712963 0.039583 0.133333
0 0.542448 0.885185 0.020313 0.138889
0 0.509635 0.411111 0.043229 0.101852
1 0.7125 0.517593 0.055208 0.122222
1 0.534635 0.412037 0.016146 0.124074
1 0.247656 0.450463 0.059896 0.076852
1 0.426823 0.4125 0.068229 0.065741
2 0.43151 0.386574 0.042188 0.050926
1 0.414844 0.697222 0.025521 0.148148
0 0.485677 0.321759 0.059896 0.063889
