0 0.810677 0.068519 0.081771 0.092593
0 0.867448 0.181481 0.038021 0.109259
0 0.265104 0.321296 0.04375 0.125926
0 0.285417 0.518981 0.061458 0.106481
0 0.406771 0.659722 0.078125 0.084259
0 0.510156 0.6125 0.082812 0.04537
0 0.702344 0.795833 0.029687 0.171296
0 0.45625 0.436574 0.088542 0.063889
1 0.515104 0.498148 0.044792 0.081481
1 0.538542 0.3375 0.03125 0.139815
1 0.575781 0.448148 0.049479 0.092593
1 0.320833 0.444907 0.0625 0.063889
2 0.247917 0.622222 0.05625 0.051852
2 0.204427 0.661111 0.030729 0.042593
2 0.288281 0.778241 0.015104 0.043519
2 0.315365 0.814352 0.045312 0.039815
2 0.364583 0.829167 0.028125 0.106481
2 0.384375 0.831481 0.014583 0.040741
2 0.382812 0.943519 0.042708 0.055556
2 0.489323 0.856481 0.041146 0.062963
2 0.625521 0.906019 0.029167 0.041667
2 0.56849 0.835648 0.034896 0.060185
2 0.573438 0.721296 0.019792 0.081481
2 0.57474 0.665741 0.031771 0.033333
2 0.556771 0.689352 0.016667 0.049074
2 0.555729 0.57037 0.030208 0.066667
2 0.773698 0.182407 0.026562 0.066667
2 0.810937 0.196759 0.039583 0.05463
2 0.517448 0.174074 0.039062 0.057407
2 0.389323 0.439815 0.024479 0.064815
2 0.313542 0.372222 0.042708 0.059259
2 0.283333 0.434722 0.023958 0.073148
2 0.325521 0.622222 0.046875 0.068519
2 0.476042 0.302315 0.045833 0.065741
0 0.515885 0.39213 0.070312 0.065741
2 0.480208 0.485648 0.038542 0.034259
2 0.561458 0.779167 0.030208 0.086111
2 0.84375 0.218056 0.01875 0.036111
1 0.538542 0.431019 0.066667 0.063889
