2 0.611458 0.078241 0.020833 0.047222
2 0.46224 0.221759 0.022396 0.065741
2 0.66875 0.228241 0.028125 0.034259
2 0.500521 0.309722 0.020833 0.056481
2 0.592187 0.530093 0.03125 0.073148
2 0.141667 0.343056 0.053125 0.043519
2 0.260677 0.413426 0.033854 0.043519
2 0.491667 0.374537 0.029167 0.037963
2 0.53099 0.338426 0.020313 0.067593
2 0.49349 0.235185 0.027604 0.074074
2 0.4 0.375 0.04375 0.053704
2 0.097396 0.851852 0.040625 0.087037
0 0.322656 0.356481 0.031771 0.116667
0 0.405729 0.730556 0.088542 0.042593
0 0.266927 0.341667 0.081771 0.033333
0 0.536979 0.768056 0.01875 0.15463
0 0.538281 0.494907 0.017188 0.123148
0 0.502604 0.4625 0.033333 0.108333
0 0.563802 0.408333 0.063021 0.074074
0 0.532813 0.646759 0.082292 0.030556
0 0.463542 0.311574 0.055208 0.087963
1 0.292448 0.191204 0.073438 0.052778
1 0.684635 0.147685 0.040104 0.123148
1 0.508073 0.581019 0.049479 0.093519
1 0.528125 0.584259 0.042708 0.103704
1 0.51849 0.386111 0.022396 0.116667
1 0.468229 0.389815 0.070833 0.061111
1 0.555729 0.708333 0.017708 0.103704
2 0.550781 0.387963 0.041146 0.059259
