2 0.725 0.441667 0.022917 0.05
2 0.217708 0.483333 0.03125 0.044444
2 0.546615 0.203241 0.026562 0.063889
2 0.617188 0.349537 0.01875 0.04537
2 0.544531 0.672222 0.025521 0.061111
2 0.644271 0.284259 0.041667 0.068519
2 0.695573 0.626389 0.045312 0.065741
2 0.527344 0.348611 0.026562 0.086111
2 0.534896 0.2875 0.022917 0.049074
2 0.674479 0.139352 0.044792 0.049074
2 0.332813 0.375463 0.051042 0.047222
2 0.501823 0.180093 0.035937 0.065741
2 0.522396 0.231944 0.026042 0.060185
2 0.1875 0.893056 0.032292 0.080556
0 0.241146 0.3875 0.032292 0.119444
0 0.527604 0.593981 0.029167 0.115741
0 0.550521 0.774537 0.014583 0.128704
0 0.342187 0.752315 0.088542 0.043519
0 0.436719 0.411111 0.042188 0.122222
0 0.550781 0.502778 0.049479 0.109259
0 0.258854 0.249074 0.017708 0.118519
0 0.523438 0.789352 0.04375 0.117593
1 0.154167 0.85 0.080208 0.053704
1 0.459896 0.197222 0.065625 0.037037
1 0.43099 0.221759 0.071354 0.028704
1 0.548698 0.581944 0.011979 0.099074
1 0.501302 0.311111 0.036979 0.109259
1 0.279427 0.342593 0.049479 0.055556
1 0.23099 0.238426 0.040104 0.10463
1 0.276042 0.168981 0.048958 0.091667
