2 0.820573 0.627315 0.043229 0.080556
2 0.191927 0.560648 0.027604 0.060185
2 0.822656 0.408333 0.027604 0.042593
2 0.416667 0.216667 0.0375 0.07037
2 0.79375 0.438426 0.027083 0.043519
2 0.210938 0.464352 0.055208 0.050926
2 0.760156 0.030093 0.040104 0.060185
2 0.505469 0.188889 0.033854 0.074074
2 0.40026 0.476389 0.040104 0.034259
2 0.444271 0.177778 0.019792 0.059259
2 0.439062 0.444444 0.035417 0.051852
2 0.574219 0.313426 0.029687 0.065741
2 0.489063 0.147685 0.029167 0.063889
2 0.298698 0.100463 0.040104 0.04537
1 0.407031 0.518981 0.066146 0.065741
0 0.35 0.478241 0.077083 0.060185
1 0.3125 0.814815 0.077083 0.07037
1 0.37526 0.096759 0.068229 0.058333
0 0.246354 0.355556 0.053125 0.098148
1 0.651563 0.402315 0.075 0.073148
0 0.305469 0.414352 0.077604 0.050926
0 0.223437 0.740741 0.0625 0.098148
0 0.727604 0.617593 0.059375 0.161111
0 0.509896 0.734259 0.027083 0.142593
0 0.332031 0.109722 0.060937 0.025
0 0.283333 0.156944 0.070833 0.05463
0 0.482292 0.864352 0.035417 0.141667
0 0.389062 0.216667 0.064583 0.072222
