2 0.400521 0.409259 0.030208 0.044444
2 0.560156 0.375463 0.031771 0.05463
2 0.879687 0.251389 0.025 0.041667
2 0.355208 0.818056 0.023958 0.052778
2 0.549219 0.275 0.029687 0.053704
2 0.560417 0.723148 0.022917 0.07037
2 0.259115 0.618981 0.023438 0.052778
2 0.316406 0.794907 0.063021 0.047222
2 0.615885 0.9125 0.022396 0.102778
2 0.563021 0.840741 0.036458 0.085185
2 0.464844 0.888889 0.022396 0.033333
2 0.817708 0.079167 0.0375 0.060185
2 0.53724 0.5 0.024479 0.057407
2 0.6375 0.927315 0.025 0.084259
2 0.509115 0.94537 0.035937 0.048148
2 0.56224 0.900463 0.043229 0.060185
2 0.536458 0.70463 0.026042 0.064815
2 0.278646 0.533333 0.030208 0.064815
2 0.258333 0.565741 0.055208 0.040741
2 0.529167 0.750463 0.025 0.034259
2 0.714063 0.746759 0.015625 0.032407
2 0.459635 0.422222 0.029687 0.037037
2 0.267188 0.538889 0.05 0.072222
2 0.534896 0.41713 0.029167 0.058333
2 0.396615 0.4625 0.021354 0.030556
2 0.534115 0.918056 0.051562 0.028704
0 0.29974 0.256944 0.075521 0.073148
0 0.477865 0.291667 0.063021 0.07963
0 0.290104 0.424537 0.0625 0.100926
0 0.70026 0.744907 0.018229 0.150926
0 0.554167 0.612963 0.083333 0.037037
0 0.751042 0.064352 0.079167 0.05463
0 0.688802 0.659259 0.051562 0.105556
1 0.429167 0.647222 0.085417 0.055556
1 0.3625 0.456481 0.077083 0.059259
1 0.420573 0.475926 0.072396 0.022222
1 0.455469 0.454167 0.079687 0.015741
1 0.523958 0.583796 0.059375 0.043519
1 0.505208 0.425926 0.046875 0.05
1 0.545573 0.247685 0.066146 0.071296
1 0.561458 0.454167 0.027083 0.117593
