2 0.739583 0.218981 0.027083 0.04537
2 0.665625 0.05 0.020833 0.046296
2 0.522917 0.901852 0.029167 0.090741
2 0.253646 0.540741 0.028125 0.040741
2 0.465885 0.458796 0.017188 0.047222
2 0.197917 0.248148 0.047917 0.051852
2 0.520833 0.266204 0.039583 0.05463
2 0.305208 0.50463 0.033333 0.061111
2 0.77526 0.584259 0.043229 0.059259
2 0.552604 0.790741 0.035417 0.040741
0 0.621094 0.236111 0.021354 0.122222
0 0.595573 0.518056 0.029687 0.139815
0 0.278646 0.572222 0.026042 0.124074
0 0.059375 0.44213 0.0625 0.093519
0 0.329427 0.514352 0.064062 0.087963
0 0.177344 0.483796 0.072396 0.028704
0 0.677344 0.818981 0.074479 0.097222
0 0.209375 0.453704 0.079167 0.024074
0 0.219531 0.502778 0.073438 0.077778
0 0.457813 0.510648 0.085417 0.063889
0 0.423437 0.497222 0.048958 0.037037
0 0.752604 0.596759 0.035417 0.125
1 0.497917 0.369907 0.028125 0.126852
1 0.479167 0.399537 0.03125 0.113889
1 0.229427 0.35 0.055729 0.103704
0 0.467708 0.496296 0.05625 0.101852
1 0.558073 0.774537 0.031771 0.117593
