2 0.740104 0.226389 0.028125 0.04537
2 0.477604 0.210648 0.035417 0.043519
2 0.35599 0.415741 0.022396 0.057407
2 0.388542 0.415741 0.034375 0.077778
2 0.820833 0.449074 0.048958 0.064815
2 0.551823 0.488426 0.044271 0.056481
2 0.509375 0.477315 0.032292 0.062037
2 0.317448 0.382407 0.049479 0.035185
2 0.441927 0.296759 0.032813 0.04537
0 0.517969 0.843981 0.086979 0.04537
0 0.697656 0.693981 0.093229 0.049074
0 0.264323 0.425926 0.072396 0.051852
0 0.31276 0.448611 0.033854 0.112037
0 0.270833 0.479167 0.040625 0.058333
0 0.732812 0.074074 0.075 0.072222
0 0.461458 0.626389 0.046875 0.123148
0 0.196354 0.402315 0.072917 0.052778
0 0.522135 0.371759 0.017188 0.115741
0 0.484635 0.624537 0.046354 0.115741
0 0.481771 0.401852 0.044792 0.090741
0 0.154427 0.334259 0.073438 0.072222
1 0.198177 0.359259 0.071354 0.037037
1 0.50625 0.306944 0.025 0.113889
1 0.476562 0.344907 0.05 0.075
1 0.514583 0.594444 0.041667 0.109259
1 0.835156 0.212963 0.033854 0.122222
1 0.23125 0.324537 0.064583 0.073148
