2 0.727865 0.418056 0.023438 0.04537
2 0.7125 0.333333 0.027083 0.040741
2 0.266406 0.621759 0.024479 0.062037
2 0.692448 0.793981 0.041146 0.076852
2 0.472396 0.047685 0.022917 0.067593
2 0.281771 0.386574 0.035417 0.078704
2 0.43099 0.24537 0.048438 0.027778
2 0.699479 0.219907 0.045833 0.060185
2 0.4375 0.205093 0.019792 0.058333
2 0.206771 0.462963 0.047917 0.055556
2 0.496094 0.610185 0.029687 0.02963
2 0.748177 0.161574 0.044271 0.04537
2 0.398698 0.169907 0.042188 0.050926
2 0.451302 0.265278 0.022396 0.052778
0 0.479948 0.383333 0.020313 0.122222
0 0.283854 0.493981 0.073958 0.052778
0 0.209115 0.121759 0.080729 0.036111
0 0.676823 0.699074 0.067187 0.096296
0 0.490625 0.304167 0.015625 0.115741
0 0.591406 0.7 0.057812 0.096296
0 0.482812 0.633333 0.067708 0.066667
0 0.345052 0.859259 0.078646 0.061111
0 0.51276 0.594907 0.065104 0.078704
0 0.640104 0.413426 0.028125 0.123148
1 0.324479 0.809259 0.076042 0.044444
1 0.635417 0.891204 0.072917 0.073148
1 0.296354 0.475 0.063542 0.033333
1 0.438802 0.150926 0.063021 0.059259
1 0.391927 0.291204 0.056771 0.087963
1 0.532552 0.640278 0.063021 0.039815
