2 0.498958 0.311111 0.032292 0.051852
2 0.503385 0.380093 0.018229 0.069444
2 0.859375 0.232407 0.020833 0.042593
2 0.261458 0.726852 0.066667 0.05
2 0.311979 0.737037 0.026042 0.035185
2 0.370573 0.376389 0.028646 0.037963
2 0.453906 0.44213 0.024479 0.058333
2 0.516667 0.210648 0.021875 0.047222
2 0.489323 0.660185 0.022396 0.048148
2 0.230729 0.483333 0.035417 0.07037
2 0.505729 0.775 0.04375 0.072222
2 0.406771 0.81713 0.023958 0.030556
2 0.507552 0.706481 0.023438 0.066667
2 0.486719 0.87037 0.034896 0.05
2 0.797396 0.071759 0.032292 0.071296
2 0.210156 0.535185 0.021354 0.044444
2 0.338021 0.779167 0.016667 0.034259
2 0.471354 0.667593 0.026042 0.037037
2 0.515625 0.837037 0.03125 0.062963
2 0.197917 0.525926 0.05 0.055556
2 0.576562 0.864815 0.01875 0.081481
2 0.427865 0.370833 0.025521 0.034259
2 0.498177 0.856019 0.016146 0.058333
2 0.658594 0.689815 0.017188 0.02963
2 0.478125 0.6625 0.032292 0.047222
2 0.534375 0.886111 0.026042 0.094444
2 0.511719 0.853241 0.032813 0.069444
2 0.492448 0.172222 0.044271 0.051852
1 0.522917 0.427315 0.034375 0.076852
0 0.64401 0.653704 0.033854 0.124074
0 0.707812 0.119907 0.082292 0.037963
0 0.417187 0.265278 0.065625 0.062037
0 0.245573 0.226389 0.071354 0.062037
0 0.485156 0.224537 0.061979 0.063889
0 0.667969 0.642593 0.034896 0.085185
0 0.517188 0.623148 0.073958 0.074074
1 0.411979 0.405093 0.071875 0.019444
1 0.329427 0.394444 0.065104 0.046296
1 0.370573 0.422685 0.072396 0.023148
1 0.499219 0.5 0.020313 0.12037
1 0.363542 0.565741 0.06875 0.090741
0 0.239844 0.372222 0.068229 0.098148
1 0.467969 0.399537 0.059896 0.076852
