2 0.705208 0.04213 0.025 0.034259
2 0.366927 0.290278 0.031771 0.047222
2 0.690365 0.081944 0.020313 0.032407
2 0.161719 0.410648 0.033854 0.04537
2 0.369271 0.25 0.033333 0.042593
2 0.091667 0.82037 0.063542 0.038889
2 0.220833 0.336574 0.0375 0.073148
2 0.061979 0.229167 0.045833 0.065741
2 0.285938 0.327315 0.032292 0.071296
2 0.554948 0.409259 0.028646 0.077778
2 0.511458 0.858796 0.023958 0.073148
2 0.752604 0.295833 0.044792 0.047222
2 0.445573 0.330556 0.021354 0.059259
0 0.495312 0.726389 0.021875 0.149074
0 0.802344 0.316667 0.083854 0.040741
0 0.486719 0.583333 0.015104 0.146296
0 0.278906 0.475 0.075521 0.062963
0 0.16224 0.190278 0.060937 0.093519
0 0.421354 0.184259 0.0375 0.116667
0 0.466927 0.323611 0.031771 0.106481
0 0.435677 0.826389 0.074479 0.09537
0 0.482292 0.443519 0.061458 0.081481
0 0.505469 0.551389 0.024479 0.128704
1 0.364063 0.358796 0.079167 0.037963
0 0.695573 0.187037 0.084896 0.042593
1 0.416406 0.718519 0.073438 0.072222
1 0.673698 0.10463 0.021354 0.122222
1 0.459115 0.383333 0.079687 0.027778
1 0.206771 0.159722 0.04375 0.100926
