2 0.357812 0.190741 0.035417 0.046296
2 0.24974 0.40463 0.024479 0.053704
2 0.567708 0.333333 0.025 0.059259
2 0.571875 0.933796 0.039583 0.069444
2 0.384896 0.32037 0.033333 0.068519
2 0.736198 0.097685 0.020313 0.034259
2 0.795052 0.362963 0.031771 0.083333
2 0.761979 0.106481 0.015625 0.038889
2 0.48151 0.225463 0.022396 0.082407
2 0.311719 0.330556 0.029687 0.075926
2 0.56224 0.45787 0.036979 0.058333
2 0.296615 0.275926 0.043229 0.046296
2 0.102865 0.147685 0.031771 0.082407
2 0.158073 0.840741 0.053646 0.064815
0 0.270573 0.514815 0.034896 0.125926
0 0.789583 0.163426 0.078125 0.047222
0 0.467708 0.381481 0.08125 0.057407
0 0.578906 0.218056 0.057812 0.10463
0 0.526563 0.459259 0.053125 0.101852
0 0.648177 0.198148 0.044271 0.118519
0 0.453385 0.771759 0.088021 0.043519
0 0.566927 0.597685 0.033854 0.115741
0 0.243229 0.187037 0.082292 0.083333
0 0.56901 0.765741 0.043229 0.140741
1 0.453906 0.788889 0.085938 0.02963
1 0.713802 0.076852 0.041146 0.111111
1 0.382812 0.395833 0.078125 0.050926
1 0.575521 0.54537 0.026042 0.133333
