2 0.272656 0.538889 0.034896 0.048148
2 0.566667 0.108333 0.023958 0.068519
2 0.571094 0.288426 0.025521 0.05463
2 0.30651 0.376852 0.053646 0.038889
2 0.534635 0.175463 0.040104 0.028704
2 0.484635 0.152315 0.032813 0.063889
2 0.76276 0.225 0.027604 0.077778
2 0.711458 0.317593 0.028125 0.061111
2 0.501302 0.203241 0.028646 0.069444
2 0.699219 0.564815 0.017188 0.064815
2 0.76901 0.106944 0.047396 0.041667
2 0.278906 0.290278 0.038021 0.032407
2 0.563021 0.542593 0.019792 0.055556
0 0.359896 0.656481 0.071875 0.096296
0 0.376823 0.29537 0.072396 0.068519
0 0.559115 0.481944 0.049479 0.113889
0 0.566927 0.734259 0.036979 0.137037
0 0.302344 0.240278 0.076563 0.036111
0 0.432552 0.134722 0.076563 0.030556
0 0.516406 0.311111 0.076563 0.061111
0 0.280729 0.316667 0.084375 0.072222
0 0.697656 0.625463 0.041146 0.113889
1 0.176302 0.856481 0.052604 0.133333
1 0.55026 0.216204 0.059896 0.078704
1 0.544792 0.285185 0.036458 0.112963
1 0.641667 0.584259 0.076042 0.061111
1 0.569271 0.218981 0.048958 0.086111
0 0.571615 0.687037 0.039062 0.137037
