2 0.178385 0.41713 0.027604 0.056481
2 0.734896 0.154167 0.026042 0.037963
2 0.328646 0.238426 0.036458 0.049074
2 0.247656 0.351852 0.036979 0.07037
2 0.497396 0.927778 0.0375 0.066667
2 0.029948 0.15463 0.029687 0.085185
2 0.426302 0.3125 0.032813 0.04537
2 0.500521 0.459722 0.023958 0.069444
2 0.704948 0.158333 0.019271 0.038889
2 0.745573 0.406481 0.051562 0.05
2 0.25651 0.310648 0.039062 0.058333
2 0.415104 0.265741 0.042708 0.062963
2 0.327604 0.338889 0.028125 0.081481
2 0.097917 0.858333 0.05 0.068519
0 0.257812 0.501389 0.036458 0.123148
0 0.757292 0.281944 0.085417 0.037963
0 0.490365 0.246759 0.019271 0.136111
0 0.454948 0.40787 0.077604 0.032407
1 0.395313 0.798148 0.088542 0.02963
0 0.492708 0.649537 0.01875 0.128704
0 0.399219 0.780556 0.091146 0.031481
0 0.1875 0.202315 0.083333 0.089815
1 0.510156 0.646759 0.013021 0.134259
0 0.494792 0.506944 0.023958 0.128704
0 0.504167 0.797685 0.033333 0.149074
0 0.672396 0.253241 0.066667 0.087963
1 0.676042 0.116667 0.03125 0.124074
1 0.339062 0.428704 0.075 0.046296
1 0.409375 0.445833 0.075 0.05463
