2 0.792188 0.383333 0.022917 0.044444
2 0.501042 0.444444 0.03125 0.061111
2 0.716927 0.294907 0.027604 0.034259
2 0.265625 0.555093 0.036458 0.047222
2 0.230469 0.440741 0.047396 0.059259
2 0.679948 0.065278 0.038021 0.067593
2 0.415625 0.221296 0.030208 0.02963
2 0.379688 0.361111 0.044792 0.038889
2 0.3375 0.130556 0.042708 0.051852
2 0.416406 0.125926 0.034896 0.061111
2 0.734115 0.683796 0.019271 0.080556
2 0.757292 0.409259 0.039583 0.046296
0 0.311979 0.440278 0.095833 0.036111
0 0.290625 0.759259 0.080208 0.057407
1 0.327083 0.764352 0.084375 0.056481
0 0.499479 0.221759 0.073958 0.043519
0 0.409375 0.261574 0.071875 0.026852
0 0.360417 0.431944 0.069792 0.036111
0 0.380208 0.393519 0.079167 0.025926
0 0.525 0.610648 0.032292 0.139815
0 0.701042 0.656481 0.066667 0.096296
0 0.755208 0.49537 0.067708 0.109259
1 0.365625 0.461574 0.070833 0.047222
1 0.382031 0.219907 0.058854 0.056481
1 0.495833 0.805093 0.075 0.097222
1 0.451042 0.162037 0.090625 0.037037
1 0.690885 0.551852 0.077604 0.07037
