2 0.304427 0.499537 0.029687 0.050926
2 0.558594 0.486574 0.039062 0.086111
2 0.719531 0.7375 0.041146 0.080556
2 0.255729 0.308333 0.016667 0.07037
2 0.556771 0.361111 0.021875 0.057407
2 0.769792 0.410648 0.04375 0.060185
2 0.236198 0.388426 0.018229 0.071296
2 0.574219 0.898148 0.024479 0.062963
2 0.75651 0.140278 0.036979 0.050926
2 0.499219 0.246759 0.024479 0.080556
2 0.55599 0.259259 0.017188 0.07963
2 0.161198 0.239815 0.044271 0.059259
0 0.721615 0.613889 0.017188 0.142593
0 0.472135 0.443056 0.023438 0.125
0 0.302344 0.731944 0.079687 0.067593
0 0.570312 0.853241 0.041667 0.134259
0 0.549219 0.189352 0.047396 0.10463
0 0.30599 0.377778 0.071354 0.024074
0 0.294792 0.206019 0.067708 0.069444
0 0.278385 0.326852 0.063021 0.075926
0 0.748958 0.257407 0.017708 0.131481
0 0.367708 0.407407 0.077083 0.040741
1 0.410417 0.768056 0.08125 0.034259
1 0.585417 0.660648 0.036458 0.130556
1 0.384375 0.356019 0.075 0.021296
1 0.460938 0.080093 0.055208 0.084259
1 0.684896 0.090741 0.060417 0.07963
1 0.343229 0.359722 0.069792 0.026852
