2 0.435417 0.194444 0.029167 0.053704
2 0.817969 0.464815 0.025521 0.05
2 0.796354 0.394444 0.028125 0.046296
2 0.16901 0.454167 0.028646 0.056481
2 0.636198 0.756944 0.038021 0.037963
2 0.598437 0.784722 0.035417 0.062037
2 0.408854 0.211574 0.041667 0.065741
2 0.298438 0.275463 0.034375 0.065741
2 0.492188 0.246296 0.05 0.1
2 0.483333 0.329167 0.027083 0.086111
2 0.467187 0.388889 0.027083 0.072222
2 0.789844 0.478241 0.026562 0.084259
2 0.198177 0.373148 0.053646 0.037037
2 0.754687 0.543519 0.048958 0.055556
0 0.668229 0.775926 0.023958 0.144444
0 0.189323 0.331019 0.073438 0.060185
0 0.603385 0.530093 0.047396 0.126852
0 0.310937 0.368056 0.084375 0.030556
1 0.397656 0.309259 0.074479 0.035185
0 0.407552 0.3625 0.072396 0.032407
0 0.739844 0.443056 0.033854 0.130556
0 0.482552 0.806019 0.023438 0.152778
0 0.303906 0.32037 0.080729 0.042593
0 0.225781 0.653241 0.080729 0.073148
1 0.310417 0.700926 0.079167 0.064815
1 0.701562 0.205093 0.0625 0.100926
1 0.396094 0.502778 0.068229 0.075926
1 0.502865 0.814815 0.033854 0.142593
0 0.402344 0.327778 0.122396 0.031481
