2 0.23151 0.386574 0.027604 0.05463
2 0.332031 0.162963 0.035937 0.05
2 0.708854 0.072222 0.025 0.037037
2 0.501823 0.323611 0.034896 0.049074
2 0.516927 0.902315 0.024479 0.076852
2 0.734375 0.084722 0.01875 0.043519
2 0.07474 0.143981 0.029687 0.082407
2 0.386198 0.315278 0.039062 0.060185
2 0.534375 0.391667 0.030208 0.075926
2 0.773958 0.35787 0.027083 0.076852
2 0.448437 0.196296 0.026042 0.087037
2 0.286198 0.289815 0.048438 0.096296
2 0.298958 0.310185 0.019792 0.081481
2 0.28151 0.26713 0.044271 0.056481
2 0.132031 0.768056 0.041146 0.09537
0 0.427604 0.735648 0.098958 0.04537
0 0.26849 0.48287 0.029687 0.125
0 0.764323 0.174074 0.082812 0.038889
0 0.504948 0.57963 0.021354 0.124074
0 0.529687 0.538426 0.01875 0.163889
0 0.525521 0.608796 0.017708 0.084259
0 0.219792 0.174074 0.079167 0.074074
0 0.440365 0.343981 0.065104 0.062037
0 0.473177 0.415741 0.050521 0.105556
0 0.565104 0.187037 0.071875 0.074074
0 0.489844 0.818056 0.068229 0.102778
1 0.363021 0.372222 0.079167 0.038889
1 0.673698 0.094444 0.068229 0.074074
0 0.623958 0.131019 0.054167 0.100926
1 0.441146 0.359722 0.064583 0.058333
1 0.436719 0.748148 0.079687 0.02037
1 0.235937 0.173611 0.058333 0.065741
