2 0.747396 0.397685 0.035417 0.073148
2 0.280208 0.475463 0.036458 0.04537
2 0.7125 0.106019 0.025 0.034259
2 0.738542 0.100463 0.026042 0.032407
2 0.464844 0.243056 0.028646 0.050926
2 0.541927 0.83287 0.019271 0.069444
2 0.756771 0.549074 0.029167 0.07963
2 0.480729 0.235648 0.054167 0.060185
2 0.085417 0.215741 0.021875 0.088889
2 0.236719 0.384259 0.034896 0.064815
2 0.24401 0.247222 0.035937 0.059259
2 0.498177 0.377315 0.051562 0.062037
0 0.523698 0.780556 0.020313 0.15
0 0.272135 0.707407 0.086979 0.061111
0 0.34375 0.414815 0.083333 0.035185
0 0.213021 0.352778 0.078125 0.027778
0 0.28125 0.172222 0.059375 0.087037
0 0.451562 0.196296 0.073958 0.057407
0 0.825 0.399537 0.088542 0.030556
0 0.747396 0.490741 0.0375 0.112963
0 0.23151 0.297222 0.075521 0.044444
1 0.536979 0.606944 0.028125 0.137963
1 0.378385 0.743056 0.083854 0.047222
1 0.391146 0.143981 0.077083 0.030556
1 0.698698 0.306019 0.019271 0.136111
1 0.37526 0.347222 0.076563 0.055556
1 0.247656 0.333333 0.067187 0.033333
1 0.459375 0.38287 0.025 0.126852
