0 0.738802 0.136574 0.071354 0.05463
0 0.29401 0.584722 0.086979 0.039815
0 0.448958 0.238426 0.079167 0.063889
0 0.253646 0.443981 0.058333 0.09537
0 0.538021 0.325463 0.058333 0.09537
0 0.334635 0.479167 0.072396 0.047222
0 0.423958 0.502778 0.140625 0.042593
0 0.411198 0.393981 0.051562 0.099074
0 0.369531 0.426852 0.047396 0.090741
1 0.5375 0.461111 0.08125 0.046296
1 0.175521 0.329167 0.069792 0.073148
1 0.377083 0.847222 0.075 0.092593
1 0.386198 0.292593 0.019271 0.135185
1 0.299479 0.394444 0.053125 0.090741
1 0.527604 0.708333 0.038542 0.140741
1 0.311198 0.513426 0.069271 0.047222
1 0.494531 0.343056 0.049479 0.112037
