0 0.473177 0.748148 0.019271 0.138889
0 0.338281 0.686111 0.084896 0.027778
0 0.538542 0.543981 0.035417 0.126852
0 0.514583 0.310185 0.082292 0.02963
0 0.748177 0.474537 0.078646 0.071296
0 0.427083 0.331019 0.052083 0.113889
0 0.232292 0.55787 0.053125 0.099074
0 0.249479 0.431944 0.033333 0.117593
0 0.247135 0.488889 0.063021 0.072222
0 0.476562 0.831944 0.05 0.106481
1 0.798958 0.221296 0.071875 0.07037
1 0.233854 0.311111 0.078125 0.027778
1 0.423437 0.112037 0.072917 0.031481
1 0.415104 0.747685 0.067708 0.050926
1 0.382812 0.158333 0.060417 0.059259
1 0.56901 0.525926 0.026562 0.125926
1 0.520573 0.408796 0.038021 0.102778
1 0.357812 0.724074 0.075 0.031481
0 0.417187 0.068056 0.075 0.036111
1 0.522917 0.443519 0.029167 0.112963
