0 0.266927 0.622685 0.085938 0.043519
0 0.467187 0.51713 0.084375 0.036111
0 0.415104 0.243056 0.078125 0.052778
0 0.383073 0.515741 0.075521 0.061111
0 0.4 0.459722 0.079167 0.026852
0 0.327344 0.484259 0.075521 0.024074
0 0.728906 0.046759 0.073438 0.032407
0 0.507812 0.294907 0.022917 0.126852
0 0.400781 0.410648 0.067187 0.067593
0 0.228125 0.482407 0.055208 0.098148
1 0.191146 0.315741 0.053125 0.094444
1 0.288542 0.421296 0.064583 0.05
1 0.288021 0.49537 0.070833 0.05
1 0.374479 0.328241 0.025 0.130556
1 0.358594 0.851389 0.076563 0.069444
1 0.508594 0.473611 0.076563 0.026852
1 0.468229 0.332407 0.040625 0.1
1 0.524219 0.696759 0.018229 0.141667
1 0.522396 0.406481 0.067708 0.064815
