0 0.552865 0.421296 0.083854 0.031481
0 0.25026 0.216667 0.080729 0.044444
0 0.257552 0.382407 0.076563 0.048148
0 0.366667 0.346759 0.078125 0.050926
0 0.572656 0.877315 0.079687 0.04537
0 0.384635 0.407407 0.069271 0.053704
0 0.627865 0.829167 0.041146 0.117593
0 0.523958 0.355093 0.044792 0.112037
0 0.498437 0.443519 0.070833 0.068519
0 0.245312 0.699074 0.080208 0.059259
1 0.428646 0.748611 0.082292 0.039815
1 0.407292 0.172222 0.070833 0.035185
1 0.353906 0.128241 0.099479 0.05463
1 0.44974 0.493519 0.067187 0.068519
1 0.249219 0.526852 0.074479 0.07963
1 0.683854 0.199074 0.070833 0.066667
1 0.226562 0.318981 0.05 0.097222
1 0.326562 0.741204 0.079167 0.030556
