0 0.326042 0.336574 0.079167 0.039815
0 0.079687 0.21713 0.070833 0.056481
0 0.2875 0.611111 0.079167 0.068519
0 0.340365 0.497222 0.080729 0.053704
0 0.419271 0.187037 0.071875 0.07037
0 0.403906 0.456019 0.079687 0.069444
0 0.617448 0.128704 0.074479 0.037037
0 0.179427 0.458796 0.075521 0.058333
0 0.51875 0.34213 0.055208 0.091667
1 0.219531 0.352778 0.048438 0.092593
1 0.311719 0.184259 0.075521 0.057407
1 0.442969 0.31713 0.035937 0.113889
1 0.50625 0.447685 0.076042 0.049074
1 0.241406 0.417593 0.070312 0.061111
1 0.392708 0.846759 0.06875 0.084259
1 0.539323 0.646296 0.063021 0.094444
1 0.478385 0.357407 0.033854 0.088889
1 0.05651 0.293981 0.090104 0.084259
