0 0.306771 0.418981 0.080208 0.041667
0 0.555469 0.869444 0.021354 0.153704
0 0.426302 0.299537 0.081771 0.036111
0 0.721875 0.662963 0.080208 0.062963
0 0.578385 0.19213 0.068229 0.067593
0 0.394792 0.375 0.077083 0.05
0 0.552083 0.716667 0.046875 0.118519
0 0.275 0.213426 0.0625 0.091667
0 0.471615 0.421296 0.035937 0.114815
1 0.303385 0.525463 0.076563 0.04537
1 0.082031 0.165278 0.079687 0.028704
1 0.563021 0.593981 0.0375 0.128704
1 0.360938 0.727315 0.070833 0.080556
1 0.334635 0.371759 0.061979 0.063889
1 0.135156 0.069444 0.050521 0.111111
1 0.545833 0.360185 0.057292 0.083333
1 0.274219 0.303704 0.099479 0.044444
1 0.514323 0.414815 0.046354 0.101852
1 0.513021 0.610648 0.028125 0.134259
