0 0.279687 0.577315 0.020833 0.132407
0 0.547396 0.534722 0.021875 0.139815
0 0.713281 0.558333 0.088021 0.033333
0 0.313281 0.69537 0.085938 0.053704
0 0.216667 0.491667 0.038542 0.116667
0 0.457813 0.354167 0.079167 0.025
0 0.504687 0.336574 0.064583 0.043519
0 0.413021 0.746759 0.082292 0.037963
0 0.675521 0.602315 0.072917 0.076852
0 0.553125 0.923611 0.069792 0.093519
0 0.477604 0.309722 0.076042 0.025
1 0.489323 0.229167 0.071354 0.041667
1 0.281771 0.36713 0.017708 0.125
1 0.510938 0.427315 0.073958 0.04537
1 0.540104 0.743981 0.044792 0.125
1 0.439062 0.414815 0.065625 0.059259
1 0.89974 0.503241 0.075521 0.062037
1 0.244531 0.453241 0.014063 0.130556
