0 0.413021 0.369907 0.084375 0.032407
0 0.458073 0.80787 0.021354 0.14537
0 0.758073 0.264352 0.033854 0.112037
0 0.689844 0.841204 0.092188 0.034259
0 0.38776 0.809259 0.085938 0.040741
0 0.763281 0.581944 0.046354 0.125
0 0.236198 0.435648 0.072396 0.037963
0 0.701823 0.606019 0.057812 0.100926
0 0.470052 0.244907 0.060937 0.091667
0 0.68724 0.761574 0.072396 0.060185
1 0.510156 0.387037 0.019271 0.12963
1 0.526302 0.093056 0.072396 0.043519
1 0.449479 0.135648 0.034375 0.106481
1 0.296094 0.423611 0.056771 0.071296
1 0.55625 0.255093 0.077083 0.05463
1 0.217448 0.351389 0.060937 0.084259
1 0.268229 0.25463 0.051042 0.096296
1 0.714844 0.254167 0.038021 0.112037
