0 0.201823 0.305093 0.078646 0.050926
0 0.105729 0.108796 0.077083 0.030556
0 0.138021 0.881481 0.051042 0.124074
0 0.511979 0.231481 0.041667 0.111111
0 0.541667 0.625926 0.038542 0.125926
0 0.321354 0.288426 0.032292 0.117593
0 0.248177 0.480556 0.048438 0.124074
0 0.553125 0.405093 0.044792 0.108333
0 0.290625 0.375926 0.065625 0.062963
1 0.319271 0.699074 0.08125 0.031481
1 0.178906 0.356019 0.077604 0.04537
1 0.29974 0.18287 0.022396 0.119444
1 0.516667 0.400926 0.028125 0.125926
1 0.252083 0.200463 0.072917 0.037963
1 0.524479 0.147222 0.028125 0.098148
1 0.184115 0.174074 0.072396 0.040741
1 0.497917 0.541204 0.0625 0.073148
1 0.185938 0.625926 0.080208 0.046296
1 0.775521 0.421296 0.028125 0.127778
1 0.301563 0.314815 0.035417 0.085185
