0 0.750521 0.440741 0.023958 0.142593
0 0.36224 0.806019 0.086979 0.05463
0 0.384375 0.234259 0.076042 0.057407
0 0.626823 0.231019 0.079687 0.032407
0 0.519531 0.859259 0.074479 0.075926
0 0.313021 0.375 0.079167 0.025926
0 0.726042 0.675926 0.034375 0.103704
0 0.75 0.626389 0.021875 0.119444
0 0.705469 0.793519 0.083854 0.055556
0 0.305469 0.419444 0.074479 0.044444
1 0.253385 0.346296 0.019271 0.127778
1 0.545573 0.136111 0.035937 0.114815
1 0.264062 0.173611 0.073958 0.049074
1 0.354167 0.098611 0.046875 0.093519
1 0.48724 0.468056 0.050521 0.106481
1 0.086458 0.180556 0.017708 0.12037
1 0.307031 0.274074 0.057812 0.077778
1 0.340365 0.405093 0.069271 0.037963
1 0.510938 0.235185 0.04375 0.109259
