0 0.513802 0.758796 0.089063 0.04537
0 0.233333 0.343519 0.130208 0.033333
0 0.591406 0.363426 0.084896 0.041667
0 0.114583 0.115278 0.077083 0.05463
0 0.589063 0.634259 0.054167 0.112963
0 0.521875 0.386574 0.04375 0.108333
0 0.408854 0.333796 0.040625 0.115741
0 0.246094 0.419444 0.043229 0.111111
1 0.395313 0.731944 0.082292 0.030556
1 0.326823 0.461111 0.023438 0.12963
1 0.528125 0.114815 0.023958 0.122222
1 0.529167 0.265741 0.057292 0.081481
1 0.332292 0.3375 0.05625 0.075
1 0.247135 0.226389 0.108854 0.067593
1 0.545052 0.506481 0.022396 0.133333
1 0.890885 0.299537 0.049479 0.09537
1 0.459635 0.311111 0.066146 0.064815
1 0.368229 0.378704 0.070833 0.046296
