0 0.488281 0.373148 0.025521 0.125926
0 0.61849 0.636574 0.053646 0.117593
0 0.122656 0.31713 0.080729 0.04537
0 0.217708 0.3 0.053125 0.075926
0 0.135156 0.782407 0.067187 0.107407
0 0.445052 0.292593 0.060937 0.061111
0 0.177083 0.272685 0.051042 0.100926
1 0.582812 0.370833 0.016667 0.134259
1 0.204167 0.556944 0.041667 0.132407
1 0.390365 0.680556 0.080729 0.046296
1 0.304688 0.349074 0.069792 0.037037
1 0.294792 0.668519 0.080208 0.040741
1 0.239844 0.2625 0.026562 0.117593
1 0.482292 0.221296 0.058333 0.07963
1 0.396094 0.1625 0.073438 0.025
1 0.279687 0.316204 0.061458 0.037963
0 0.440885 0.247685 0.051562 0.078704
1 0.716146 0.537037 0.042708 0.109259
