0 0.527083 0.237963 0.023958 0.12963
0 0.295052 0.549537 0.085938 0.036111
0 0.43125 0.371759 0.071875 0.032407
0 0.68099 0.302315 0.043229 0.100926
0 0.420833 0.453704 0.078125 0.051852
0 0.56849 0.496759 0.069271 0.065741
0 0.441146 0.232407 0.061458 0.088889
0 0.453125 0.558333 0.08125 0.055556
1 0.477865 0.400463 0.069271 0.047222
1 0.626563 0.695833 0.041667 0.137963
1 0.341146 0.396296 0.055208 0.061111
1 0.416146 0.779167 0.073958 0.076852
1 0.556771 0.368519 0.019792 0.118519
1 0.253906 0.247685 0.038021 0.123148
1 0.540885 0.456019 0.070312 0.019444
0 0.45599 0.337037 0.072396 0.022222
1 0.583333 0.448148 0.054167 0.059259
1 0.432812 0.287037 0.0625 0.059259
0 0.256771 0.444444 0.041667 0.124074
1 0.336198 0.439352 0.060937 0.071296
