0 0.485417 0.283333 0.051042 0.087037
0 0.651042 0.380093 0.01875 0.121296
0 0.429948 0.271759 0.077604 0.032407
0 0.531771 0.794444 0.055208 0.114815
0 0.782552 0.607407 0.069271 0.085185
0 0.505729 0.884259 0.048958 0.12963
0 0.345052 0.281944 0.053646 0.087963
0 0.414844 0.347222 0.073438 0.055556
0 0.272656 0.345833 0.077604 0.034259
1 0.3625 0.694907 0.08125 0.026852
1 0.297135 0.496759 0.075521 0.04537
1 0.528125 0.393519 0.015625 0.127778
1 0.241406 0.309259 0.070312 0.031481
1 0.366927 0.353241 0.066146 0.026852
1 0.29349 0.273148 0.057812 0.031481
1 0.464583 0.163889 0.075 0.031481
1 0.532292 0.555093 0.019792 0.139815
1 0.49974 0.387037 0.017188 0.122222
0 0.308073 0.318981 0.060937 0.056481
1 0.452865 0.447685 0.070312 0.056481
