0 0.398438 0.802778 0.0875 0.044444
0 0.553906 0.864352 0.032813 0.143519
0 0.428906 0.153241 0.076563 0.034259
0 0.730208 0.611574 0.044792 0.115741
0 0.828125 0.479167 0.041667 0.126852
0 0.748437 0.653704 0.048958 0.098148
0 0.798698 0.212037 0.038021 0.109259
0 0.719792 0.816204 0.076042 0.087963
0 0.402344 0.337037 0.074479 0.040741
1 0.371615 0.171759 0.031771 0.112037
1 0.360417 0.375 0.070833 0.055556
1 0.225521 0.247685 0.078125 0.026852
1 0.651823 0.224074 0.063021 0.077778
1 0.555729 0.278241 0.064583 0.078704
1 0.284115 0.35463 0.051562 0.068519
1 0.436719 0.374074 0.068229 0.053704
1 0.305208 0.397222 0.079167 0.025926
1 0.377604 0.074537 0.073958 0.056481
