0 0.586198 0.505093 0.017188 0.139815
0 0.207812 0.581481 0.01875 0.133333
0 0.536458 0.464815 0.017708 0.146296
0 0.261458 0.436574 0.015625 0.128704
0 0.322656 0.689815 0.085938 0.05
0 0.635156 0.458333 0.075521 0.061111
0 0.358854 0.110185 0.067708 0.072222
0 0.533073 0.837963 0.064062 0.088889
0 0.575521 0.924074 0.066667 0.085185
1 0.28099 0.352315 0.021354 0.126852
1 0.56875 0.703241 0.022917 0.139815
1 0.327083 0.447222 0.035417 0.124074
1 0.434115 0.319907 0.073438 0.036111
1 0.429688 0.08287 0.066667 0.047222
0 0.485156 0.069907 0.069271 0.034259
1 0.913021 0.081019 0.01875 0.117593
1 0.424479 0.740278 0.067708 0.034259
1 0.48776 0.106481 0.066146 0.031481
1 0.491146 0.248148 0.067708 0.066667
1 0.377344 0.75 0.069271 0.064815
