0 0.6625 0.393056 0.01875 0.134259
0 0.423958 0.788889 0.08125 0.031481
0 0.558854 0.608333 0.013542 0.137037
0 0.463802 0.521296 0.083854 0.040741
0 0.367708 0.403241 0.080208 0.050926
0 0.571094 0.635648 0.011979 0.128704
0 0.441927 0.356481 0.070312 0.053704
0 0.76849 0.362963 0.060937 0.083333
0 0.373698 0.762037 0.082812 0.035185
0 0.850781 0.538889 0.079687 0.075926
0 0.641927 0.331944 0.035937 0.123148
1 0.466406 0.44213 0.070312 0.056481
1 0.517448 0.294444 0.072396 0.053704
1 0.542188 0.425926 0.073958 0.035185
1 0.460156 0.215741 0.066146 0.061111
1 0.447135 0.247222 0.035937 0.111111
1 0.584375 0.510648 0.064583 0.078704
1 0.289062 0.278241 0.072917 0.025
1 0.316667 0.336111 0.073958 0.033333
1 0.352865 0.211574 0.071354 0.047222
