0 0.146094 0.851852 0.019271 0.15
0 0.146875 0.12963 0.08125 0.035185
0 0.228646 0.333333 0.05625 0.077778
0 0.498177 0.313426 0.045312 0.10463
0 0.190885 0.337037 0.071354 0.053704
0 0.78724 0.47037 0.048438 0.101852
0 0.213802 0.478241 0.031771 0.132407
0 0.454687 0.230556 0.033333 0.116667
0 0.515885 0.606481 0.045312 0.124074
1 0.472135 0.166204 0.024479 0.115741
1 0.253646 0.243981 0.075 0.037963
1 0.477083 0.489815 0.0625 0.07963
1 0.307292 0.206019 0.042708 0.10463
1 0.322917 0.687037 0.079167 0.044444
1 0.217969 0.626389 0.074479 0.065741
1 0.301042 0.337963 0.046875 0.059259
1 0.340885 0.294444 0.076563 0.038889
1 0.186979 0.205093 0.071875 0.043519
1 0.183073 0.392593 0.070312 0.064815
1 0.446875 0.357407 0.0375 0.112963
