0 0.547135 0.448148 0.058854 0.092593
0 0.447917 0.456481 0.06875 0.053704
0 0.761198 0.153241 0.058854 0.082407
0 0.301823 0.66713 0.068229 0.086111
0 0.371875 0.434722 0.070833 0.049074
0 0.214844 0.153704 0.057812 0.090741
0 0.213281 0.356944 0.074479 0.060185
0 0.327865 0.432407 0.061979 0.07037
0 0.675781 0.168519 0.076563 0.061111
1 0.421615 0.77037 0.081771 0.038889
1 0.529167 0.641204 0.080208 0.047222
1 0.494531 0.224074 0.076563 0.051852
1 0.409896 0.441204 0.014583 0.123148
1 0.440625 0.400926 0.042708 0.092593
1 0.280729 0.388426 0.060417 0.037963
1 0.517188 0.445833 0.05 0.087963
0 0.31875 0.375926 0.076042 0.027778
1 0.208333 0.410648 0.078125 0.032407
1 0.352604 0.371296 0.06875 0.022222
