0 0.329167 0.301852 0.05 0.098148
0 0.491667 0.246759 0.061458 0.084259
0 0.604167 0.888889 0.080208 0.07037
0 0.363802 0.328241 0.070312 0.05463
0 0.55599 0.328241 0.069271 0.084259
0 0.290104 0.691204 0.086458 0.037963
0 0.546875 0.464815 0.080208 0.055556
0 0.394792 0.413889 0.064583 0.075926
0 0.310156 0.402778 0.063021 0.074074
0 0.688281 0.841667 0.071354 0.075926
1 0.455729 0.726852 0.08125 0.037037
1 0.479427 0.478704 0.074479 0.042593
1 0.38099 0.731019 0.079687 0.032407
1 0.432552 0.305093 0.065104 0.050926
1 0.677083 0.235648 0.045833 0.108333
1 0.359115 0.210648 0.048438 0.086111
1 0.413542 0.194907 0.06875 0.026852
1 0.247656 0.331944 0.052604 0.100926
1 0.292187 0.530556 0.020833 0.137037
