0 0.503385 0.326852 0.021354 0.122222
0 0.214583 0.810185 0.088542 0.038889
0 0.261719 0.38287 0.083854 0.037963
0 0.570052 0.422685 0.076563 0.056481
0 0.3875 0.328241 0.079167 0.023148
0 0.263281 0.187963 0.071354 0.066667
0 0.523177 0.437037 0.036979 0.116667
0 0.679688 0.790278 0.032292 0.128704
0 0.541406 0.791667 0.059896 0.114815
1 0.432812 0.730093 0.08125 0.030556
1 0.342448 0.135648 0.070312 0.04537
1 0.320573 0.714815 0.081771 0.031481
1 0.423958 0.161111 0.069792 0.040741
1 0.420833 0.062963 0.046875 0.098148
1 0.742448 0.15 0.070312 0.068519
1 0.35625 0.365278 0.070833 0.032407
0 0.418229 0.357407 0.071875 0.025926
1 0.502604 0.406944 0.033333 0.067593
1 0.223958 0.287963 0.046875 0.105556
1 0.234115 0.515741 0.068229 0.088889
