0 0.407292 0.048148 0.075 0.025926
0 0.53125 0.500463 0.013542 0.137963
0 0.586979 0.887037 0.023958 0.140741
0 0.510938 0.3375 0.08125 0.023148
0 0.232552 0.511111 0.046354 0.094444
0 0.243229 0.461111 0.065625 0.074074
0 0.339323 0.681481 0.071354 0.035185
0 0.523958 0.734722 0.070833 0.078704
0 0.417708 0.334722 0.065625 0.086111
0 0.732292 0.481944 0.051042 0.112037
0 0.252344 0.372685 0.056771 0.093519
1 0.822917 0.174074 0.079167 0.031481
1 0.405729 0.749074 0.082292 0.027778
1 0.38099 0.148611 0.066146 0.050926
1 0.338021 0.655556 0.077083 0.05
1 0.414583 0.084722 0.070833 0.026852
1 0.507292 0.385648 0.059375 0.062037
1 0.549219 0.511574 0.016146 0.132407
1 0.23125 0.315741 0.072917 0.048148
1 0.501823 0.356019 0.076563 0.017593
