0 0.347396 0.031019 0.080208 0.034259
0 0.305208 0.550926 0.016667 0.12963
0 0.696615 0.443981 0.088021 0.04537
0 0.577865 0.560648 0.031771 0.130556
0 0.565365 0.925 0.031771 0.122222
0 0.535677 0.505556 0.054688 0.101852
0 0.238281 0.368056 0.075521 0.047222
0 0.591927 0.857407 0.052604 0.116667
0 0.245312 0.342593 0.071875 0.035185
0 0.351042 0.724537 0.08125 0.034259
0 0.517969 0.147685 0.045312 0.099074
0 0.243229 0.474537 0.028125 0.132407
1 0.828385 0.102778 0.028646 0.122222
1 0.463542 0.135648 0.075 0.032407
1 0.603906 0.699537 0.039062 0.134259
1 0.42526 0.733333 0.080729 0.040741
1 0.494531 0.319907 0.072396 0.04537
1 0.430469 0.300926 0.067187 0.057407
1 0.380729 0.74213 0.057292 0.028704
1 0.53125 0.177315 0.058333 0.043519
