0 0.553385 0.616667 0.028646 0.133333
0 0.673438 0.385648 0.032292 0.132407
0 0.367969 0.396759 0.074479 0.052778
0 0.38776 0.716667 0.086979 0.031481
0 0.785417 0.369907 0.048958 0.108333
0 0.422135 0.379167 0.076563 0.023148
0 0.515104 0.223148 0.04375 0.105556
0 0.421875 0.799537 0.06875 0.082407
0 0.876042 0.625463 0.086458 0.069444
1 0.369271 0.106019 0.073958 0.05463
1 0.290365 0.302315 0.071354 0.041667
1 0.496094 0.355093 0.069271 0.043519
1 0.571615 0.543981 0.031771 0.123148
1 0.482031 0.196296 0.021354 0.114815
1 0.540885 0.362037 0.054688 0.083333
1 0.298438 0.281019 0.072917 0.019444
1 0.429427 0.273148 0.047396 0.098148
1 0.485156 0.280093 0.055729 0.062037
1 0.580208 0.651389 0.022917 0.126852
0 0.434375 0.303704 0.038542 0.101852
