0 0.66276 0.555093 0.088021 0.041667
0 0.507031 0.106481 0.064062 0.085185
0 0.494792 0.241667 0.079167 0.048148
0 0.322656 0.457407 0.082812 0.048148
0 0.666146 0.713426 0.057292 0.108333
0 0.64974 0.823611 0.044271 0.121296
0 0.454167 0.526852 0.06875 0.059259
0 0.370833 0.784722 0.065625 0.09537
0 0.433594 0.739352 0.057812 0.106481
1 0.259896 0.355556 0.035417 0.12037
1 0.384115 0.434722 0.058854 0.082407
1 0.683854 0.309722 0.077083 0.043519
1 0.54974 0.452778 0.064062 0.059259
1 0.526302 0.630556 0.076563 0.053704
1 0.549479 0.509259 0.04375 0.1
1 0.595052 0.788889 0.055729 0.090741
1 0.546875 0.745833 0.060417 0.075
1 0.510677 0.525463 0.072396 0.026852
1 0.201042 0.558796 0.059375 0.115741
