0 0.694271 0.777315 0.092708 0.034259
0 0.711458 0.65463 0.017708 0.131481
0 0.28724 0.448148 0.077604 0.044444
0 0.335417 0.842593 0.084375 0.053704
0 0.457813 0.876852 0.08125 0.061111
0 0.288802 0.400926 0.080729 0.031481
0 0.68724 0.401852 0.058854 0.101852
0 0.569271 0.163426 0.072917 0.05463
0 0.390885 0.2625 0.065104 0.078704
0 0.693229 0.687963 0.015625 0.138889
1 0.203125 0.184722 0.073958 0.049074
1 0.080208 0.191667 0.023958 0.12037
1 0.229427 0.331944 0.020313 0.128704
1 0.345833 0.123611 0.01875 0.115741
1 0.446094 0.1875 0.044271 0.106481
1 0.414323 0.39537 0.068229 0.064815
1 0.328906 0.435648 0.069271 0.034259
1 0.509896 0.256019 0.059375 0.086111
1 0.326823 0.30787 0.074479 0.041667
