0 0.548438 0.743519 0.030208 0.138889
0 0.566927 0.862963 0.017188 0.140741
0 0.577344 0.177315 0.077604 0.056481
0 0.939323 0.276852 0.051562 0.112963
0 0.614062 0.581944 0.045833 0.126852
0 0.517188 0.381481 0.051042 0.109259
0 0.271354 0.484722 0.020833 0.134259
0 0.384896 0.352778 0.079167 0.044444
0 0.253906 0.460648 0.029687 0.126852
0 0.317708 0.725926 0.070833 0.072222
1 0.492188 0.193981 0.051042 0.093519
1 0.464844 0.2125 0.031771 0.110185
1 0.424479 0.773148 0.071875 0.057407
1 0.564844 0.490741 0.025521 0.12037
1 0.507552 0.494907 0.059896 0.089815
1 0.46849 0.77037 0.054688 0.096296
1 0.572656 0.393056 0.065104 0.058333
1 0.389062 0.306944 0.06875 0.050926
0 0.391146 0.72037 0.075 0.048148
1 0.714063 0.222685 0.078125 0.047222
