0 0.524219 0.340741 0.031771 0.12963
0 0.334896 0.301852 0.079167 0.040741
0 0.397917 0.175463 0.071875 0.063889
0 0.079167 0.247222 0.048958 0.083333
0 0.286198 0.614815 0.077604 0.064815
0 0.103646 0.215278 0.048958 0.089815
0 0.430469 0.503241 0.069271 0.032407
0 0.516406 0.357407 0.033854 0.112963
0 0.202604 0.455093 0.067708 0.080556
0 0.6875 0.116204 0.071875 0.041667
1 0.460938 0.322685 0.01875 0.128704
1 0.532292 0.474537 0.075 0.049074
1 0.396875 0.471296 0.066667 0.044444
1 0.402604 0.84537 0.0625 0.109259
1 0.100781 0.302315 0.048438 0.062037
1 0.227344 0.356019 0.023438 0.121296
1 0.54349 0.72037 0.020313 0.15
1 0.25651 0.434259 0.073438 0.055556
1 0.323177 0.20463 0.067187 0.072222
0 0.363021 0.50787 0.079167 0.030556
