0 0.482812 0.598611 0.016667 0.125
0 0.235937 0.391667 0.085417 0.031481
0 0.623698 0.820833 0.039062 0.139815
0 0.304948 0.414352 0.078646 0.049074
0 0.619271 0.18287 0.073958 0.073148
0 0.316146 0.712037 0.077083 0.072222
0 0.509115 0.375926 0.069271 0.040741
0 0.40026 0.822685 0.050521 0.132407
1 0.19401 0.516667 0.039062 0.133333
1 0.488802 0.492593 0.045312 0.101852
1 0.498958 0.7625 0.052083 0.089815
1 0.363021 0.415741 0.061458 0.077778
1 0.463021 0.339352 0.039583 0.075
1 0.481771 0.398611 0.063542 0.058333
1 0.501823 0.80787 0.031771 0.121296
1 0.72474 0.249074 0.051562 0.098148
1 0.267448 0.286574 0.072396 0.041667
1 0.447656 0.390741 0.047396 0.087037
1 0.495312 0.509259 0.017708 0.125926
