0 0.563542 0.555556 0.022917 0.131481
0 0.669792 0.550926 0.086458 0.040741
0 0.265625 0.523611 0.030208 0.117593
0 0.254427 0.375 0.071354 0.044444
0 0.542188 0.744907 0.080208 0.050926
0 0.552865 0.902778 0.034896 0.137037
0 0.255208 0.477778 0.033333 0.118519
0 0.511458 0.225 0.075 0.044444
0 0.404948 0.150463 0.076563 0.034259
0 0.239583 0.362037 0.085417 0.024074
0 0.313802 0.684259 0.081771 0.035185
1 0.526042 0.672685 0.021875 0.134259
1 0.411979 0.74213 0.079167 0.039815
1 0.50026 0.380556 0.074479 0.044444
1 0.349219 0.724537 0.076563 0.034259
1 0.853906 0.210648 0.052604 0.091667
1 0.419271 0.319907 0.06875 0.052778
1 0.546615 0.234722 0.068229 0.026852
1 0.446875 0.210185 0.071875 0.024074
0 0.547396 0.484259 0.025 0.135185
