0 0.385417 0.868056 0.086458 0.049074
0 0.616146 0.224074 0.033333 0.124074
0 0.820833 0.572685 0.0875 0.049074
0 0.461979 0.598148 0.077083 0.066667
0 0.454687 0.871759 0.04375 0.128704
0 0.76849 0.056944 0.073438 0.067593
0 0.529167 0.553704 0.054167 0.098148
0 0.767188 0.310648 0.071875 0.073148
0 0.352083 0.433333 0.070833 0.02963
1 0.2 0.136574 0.055208 0.087963
1 0.454167 0.196296 0.06875 0.037037
1 0.449219 0.402315 0.074479 0.017593
1 0.514062 0.481019 0.04375 0.097222
1 0.286719 0.274074 0.073438 0.02963
1 0.440365 0.419907 0.074479 0.039815
1 0.486458 0.278241 0.06875 0.065741
1 0.653125 0.143056 0.039583 0.123148
1 0.347396 0.403704 0.064583 0.042593
