0 0.495833 0.73287 0.017708 0.143519
0 0.924479 0.327315 0.022917 0.132407
1 0.365625 0.316204 0.080208 0.052778
0 0.484896 0.074537 0.082292 0.037963
0 0.336979 0.446759 0.08125 0.062037
1 0.467969 0.209722 0.054688 0.089815
1 0.397135 0.811574 0.070312 0.069444
0 0.335156 0.736574 0.071354 0.078704
1 0.479427 0.337037 0.033854 0.124074
1 0.439844 0.793056 0.066146 0.091667
0 0.241146 0.499074 0.016667 0.131481
0 0.521615 0.818056 0.022396 0.132407
1 0.518229 0.489352 0.040625 0.119444
0 0.208594 0.473611 0.048438 0.121296
0 0.277865 0.783333 0.072396 0.085185
0 0.630469 0.571296 0.026562 0.138889
1 0.434115 0.221759 0.020313 0.119444
1 0.739583 0.143056 0.054167 0.106481
1 0.468229 0.456481 0.059375 0.077778
0 0.470833 0.400926 0.016667 0.118519
