0 0.279167 0.133333 0.075 0.044444
0 0.88125 0.475 0.066667 0.053704
0 0.326823 0.367593 0.077604 0.031481
0 0.522656 0.573148 0.074479 0.07037
0 0.861458 0.434259 0.069792 0.07037
0 0.303906 0.268056 0.047396 0.099074
0 0.329427 0.418981 0.066146 0.069444
1 0.229427 0.326852 0.074479 0.048148
1 0.455208 0.618981 0.077083 0.047222
1 0.619531 0.241667 0.048438 0.105556
1 0.527865 0.455556 0.036979 0.114815
0 0.355208 0.34213 0.067708 0.036111
1 0.505208 0.356481 0.040625 0.092593
1 0.363021 0.693981 0.072917 0.05463
1 0.307031 0.313889 0.034896 0.062963
1 0.54974 0.405556 0.063021 0.061111
1 0.411979 0.381019 0.070833 0.037963
1 0.44375 0.351389 0.065625 0.050926
1 0.561458 0.46713 0.061458 0.073148
0 0.283333 0.685185 0.083333 0.05
