0 0.579167 0.825 0.086458 0.037037
0 0.22474 0.288426 0.023438 0.112037
0 0.470573 0.451852 0.045312 0.111111
0 0.207552 0.237037 0.011979 0.124074
0 0.104688 0.131481 0.075 0.066667
0 0.347135 0.425926 0.072396 0.066667
0 0.523698 0.701852 0.071354 0.088889
0 0.407552 0.42037 0.017188 0.122222
0 0.923438 0.364352 0.06875 0.060185
1 0.363802 0.693519 0.081771 0.031481
1 0.451823 0.547685 0.036979 0.125
1 0.53125 0.330093 0.070833 0.047222
1 0.24401 0.397685 0.032813 0.119444
1 0.29349 0.266667 0.071354 0.05
1 0.573958 0.405093 0.061458 0.052778
1 0.282292 0.326852 0.065625 0.02963
1 0.24375 0.284722 0.016667 0.115741
0 0.558854 0.446296 0.041667 0.109259
1 0.166146 0.182407 0.030208 0.12037
0 0.394271 0.314815 0.042708 0.114815
