0 0.43151 0.178704 0.032813 0.122222
0 0.538542 0.691667 0.01875 0.144444
0 0.315625 0.417593 0.078125 0.053704
0 0.654427 0.381019 0.051562 0.106481
0 0.36224 0.761574 0.081771 0.067593
0 0.335156 0.345833 0.079687 0.026852
0 0.808594 0.555556 0.077604 0.081481
0 0.745833 0.452315 0.042708 0.126852
0 0.404427 0.336574 0.038021 0.093519
1 0.498958 0.694444 0.021875 0.138889
1 0.255208 0.062037 0.075 0.042593
1 0.529427 0.517593 0.047396 0.112963
1 0.395313 0.293056 0.061458 0.060185
1 0.254948 0.31713 0.067187 0.023148
1 0.496094 0.323148 0.065104 0.068519
1 0.515365 0.428241 0.073438 0.050926
1 0.404948 0.197685 0.048438 0.086111
1 0.232031 0.341204 0.071354 0.041667
0 0.377083 0.779167 0.067708 0.076852
