1 0.271354 0.201852 0.048958 0.112963
1 0.360156 0.115741 0.025521 0.124074
1 0.326302 0.194907 0.054688 0.10463
1 0.334896 0.289352 0.08125 0.034259
0 0.274479 0.489815 0.028125 0.159259
1 0.354948 0.448148 0.074479 0.031481
1 0.449219 0.264352 0.035937 0.134259
1 0.452344 0.123148 0.023438 0.12963
1 0.573958 0.242593 0.045833 0.148148
1 0.719792 0.160185 0.033333 0.124074
1 0.689323 0.255556 0.080729 0.072222
0 0.702604 0.42037 0.048958 0.161111
0 0.625781 0.694444 0.094271 0.098148
0 0.579688 0.541667 0.026042 0.124074
0 0.510677 0.525463 0.080729 0.04537
0 0.457292 0.415741 0.038542 0.155556
0 0.466406 0.683796 0.086979 0.075
0 0.575 0.843056 0.091667 0.056481
0 0.763281 0.730093 0.084896 0.073148
0 0.856771 0.655556 0.042708 0.181481
