0 0.440365 0.778241 0.018229 0.143519
0 0.519792 0.551389 0.084375 0.049074
0 0.801562 0.147685 0.046875 0.10463
0 0.822135 0.666204 0.092188 0.043519
0 0.747656 0.337037 0.080729 0.059259
0 0.407031 0.431481 0.074479 0.062963
0 0.357812 0.373611 0.080208 0.026852
0 0.370573 0.889352 0.071354 0.097222
0 0.619271 0.335648 0.08125 0.025
1 0.308854 0.260185 0.072917 0.053704
1 0.490885 0.416667 0.073438 0.044444
1 0.658594 0.209259 0.058854 0.090741
1 0.425521 0.140278 0.070833 0.037963
1 0.390885 0.336111 0.066146 0.035185
1 0.441146 0.358796 0.054167 0.067593
1 0.514844 0.243056 0.068229 0.073148
1 0.286198 0.332407 0.075521 0.024074
0 0.635677 0.376852 0.073438 0.05
1 0.393229 0.409722 0.064583 0.023148
1 0.213021 0.110648 0.069792 0.047222
