0 0.478646 0.592593 0.019792 0.138889
0 0.749219 0.75 0.030729 0.142593
0 0.551302 0.691204 0.017188 0.136111
0 0.369531 0.731944 0.082812 0.047222
0 0.614844 0.184722 0.079687 0.043519
0 0.967187 0.383796 0.059375 0.087963
0 0.290885 0.755093 0.077604 0.063889
0 0.201042 0.382407 0.065625 0.087037
0 0.514062 0.358796 0.03125 0.128704
0 0.346875 0.3375 0.072917 0.084259
1 0.55026 0.301852 0.023438 0.114815
1 0.435937 0.34213 0.06875 0.050926
1 0.476823 0.253704 0.050521 0.098148
1 0.445052 0.374074 0.070312 0.027778
1 0.80026 0.223611 0.040104 0.108333
1 0.25599 0.46713 0.053646 0.09537
1 0.471354 0.777315 0.092708 0.062037
1 0.490885 0.374537 0.039062 0.09537
