0 0.278125 0.230093 0.08125 0.036111
0 0.58125 0.437963 0.080208 0.040741
0 0.60651 0.92037 0.086979 0.053704
0 0.278385 0.375926 0.076563 0.053704
0 0.403125 0.358796 0.078125 0.04537
0 0.539844 0.478241 0.070312 0.063889
0 0.417708 0.416204 0.065625 0.05463
0 0.542448 0.337037 0.035937 0.127778
0 0.286719 0.660648 0.079687 0.060185
0 0.657031 0.818519 0.067187 0.081481
1 0.4375 0.191204 0.071875 0.034259
1 0.455469 0.755556 0.080729 0.031481
1 0.417448 0.149537 0.063021 0.050926
1 0.348698 0.707407 0.081771 0.027778
1 0.368229 0.175926 0.06875 0.042593
1 0.486979 0.491204 0.063542 0.071296
1 0.278125 0.553241 0.028125 0.139815
1 0.369792 0.38287 0.064583 0.032407
1 0.233073 0.326852 0.061979 0.087037
1 0.705208 0.213889 0.070833 0.068519
