0 0.549219 0.63287 0.061979 0.093519
0 0.465885 0.849074 0.077604 0.081481
0 0.460417 0.250463 0.064583 0.065741
0 0.428385 0.275 0.075521 0.040741
0 0.415365 0.351852 0.079687 0.038889
0 0.699479 0.363426 0.036458 0.117593
0 0.257812 0.340741 0.08125 0.033333
0 0.329948 0.318981 0.068229 0.052778
0 0.789062 0.613426 0.067708 0.084259
1 0.358333 0.680556 0.085417 0.035185
1 0.465104 0.171296 0.076042 0.027778
1 0.453385 0.447685 0.075521 0.028704
1 0.229948 0.305093 0.073438 0.026852
1 0.491667 0.405093 0.01875 0.125
1 0.30026 0.274074 0.066146 0.02963
1 0.459115 0.378704 0.016146 0.118519
1 0.544792 0.545833 0.020833 0.125
1 0.394271 0.363889 0.079167 0.022222
0 0.35599 0.253704 0.061979 0.055556
1 0.296354 0.49537 0.072917 0.048148
