1 0.145313 0.183333 0.0375 0.135185
0 0.288802 0.180556 0.059896 0.109259
1 0.334115 0.245833 0.061979 0.093519
1 0.276302 0.353704 0.031771 0.140741
1 0.410938 0.09537 0.05625 0.083333
0 0.429688 0.246296 0.076042 0.098148
0 0.361198 0.368056 0.080729 0.032407
0 0.352604 0.411574 0.076042 0.05463
1 0.38776 0.401852 0.079687 0.044444
1 0.509635 0.431481 0.048438 0.12037
1 0.565365 0.234259 0.053646 0.114815
1 0.583594 0.145833 0.023438 0.112037
0 0.677083 0.239815 0.095833 0.075926
0 0.726042 0.401389 0.023958 0.147222
0 0.403906 0.802315 0.090104 0.080556
0 0.57474 0.8 0.075521 0.118519
0 0.738542 0.754167 0.064583 0.10463
0 0.752865 0.657407 0.055729 0.105556
0 0.779427 0.651852 0.058854 0.116667
