0 0.575 0.76713 0.014583 0.147222
0 0.83125 0.735648 0.030208 0.147222
0 0.666927 0.352778 0.061979 0.087037
0 0.332813 0.466667 0.060417 0.094444
0 0.41276 0.788889 0.080729 0.055556
0 0.4125 0.868056 0.072917 0.073148
0 0.783073 0.593981 0.032813 0.132407
0 0.482292 0.149537 0.048958 0.106481
0 0.28724 0.305556 0.060937 0.07963
1 0.490104 0.2625 0.055208 0.091667
1 0.259115 0.36713 0.043229 0.097222
1 0.282292 0.425926 0.036458 0.109259
1 0.565365 0.456944 0.022396 0.113889
1 0.583073 0.514352 0.057812 0.050926
1 0.560417 0.548611 0.075 0.017593
1 0.582292 0.428704 0.055208 0.066667
1 0.589583 0.843519 0.019792 0.140741
1 0.205208 0.102778 0.066667 0.077778
0 0.536198 0.474074 0.024479 0.112963
1 0.536719 0.630093 0.047396 0.10463
