0 0.549219 0.708796 0.028646 0.141667
0 0.445312 0.268056 0.058333 0.080556
0 0.407031 0.347685 0.048438 0.086111
0 0.226302 0.369907 0.075521 0.05463
0 0.446615 0.364352 0.049479 0.099074
0 0.28724 0.310648 0.076563 0.05463
0 0.198958 0.315278 0.064583 0.087963
0 0.188021 0.783796 0.064583 0.108333
0 0.486979 0.339815 0.071875 0.046296
1 0.432552 0.720833 0.080729 0.032407
1 0.339844 0.296759 0.024479 0.125
1 0.958333 0.296759 0.05625 0.093519
1 0.297917 0.062963 0.065625 0.057407
1 0.33776 0.713426 0.077604 0.056481
1 0.559635 0.329167 0.076563 0.034259
1 0.374219 0.096296 0.034896 0.109259
1 0.371875 0.375 0.060417 0.046296
0 0.710677 0.621759 0.052604 0.106481
1 0.232031 0.536574 0.044271 0.125
