0 0.7 0.640278 0.029167 0.137963
0 0.716927 0.743056 0.091146 0.039815
0 0.634635 0.709722 0.081771 0.039815
0 0.416146 0.773148 0.082292 0.061111
0 0.513802 0.552778 0.014063 0.116667
0 0.477604 0.327315 0.070833 0.071296
0 0.530208 0.803704 0.048958 0.118519
0 0.505469 0.505093 0.048438 0.106481
0 0.786719 0.487963 0.048438 0.12037
0 0.234115 0.485648 0.050521 0.102778
1 0.326042 0.313426 0.066667 0.047222
1 0.30651 0.373148 0.073438 0.037037
1 0.557031 0.283796 0.053646 0.093519
1 0.389844 0.327315 0.056771 0.087963
1 0.522135 0.13287 0.018229 0.106481
1 0.497917 0.135185 0.075 0.042593
1 0.320573 0.259259 0.057812 0.077778
1 0.691146 0.249537 0.067708 0.060185
1 0.270573 0.484722 0.065104 0.069444
1 0.630469 0.184722 0.056771 0.080556
