0 0.267969 0.499537 0.027604 0.123148
0 0.644792 0.597222 0.085417 0.061111
0 0.336458 0.511111 0.038542 0.116667
0 0.542708 0.4375 0.08125 0.065741
0 0.547396 0.91713 0.08125 0.056481
0 0.450521 0.284259 0.03125 0.112963
0 0.599479 0.117593 0.079167 0.048148
0 0.285417 0.710185 0.080208 0.055556
0 0.623437 0.883333 0.0625 0.090741
1 0.739062 0.275926 0.023958 0.12963
1 0.402344 0.753241 0.083854 0.034259
1 0.447396 0.567593 0.075 0.057407
1 0.478906 0.345833 0.067187 0.05463
1 0.430729 0.125 0.061458 0.07037
1 0.244792 0.480093 0.029167 0.125
1 0.218229 0.329167 0.019792 0.132407
1 0.436979 0.208333 0.032292 0.098148
1 0.408073 0.386111 0.071354 0.044444
1 0.401302 0.197685 0.058854 0.086111
