0 0.745833 0.113426 0.053125 0.097222
0 0.320312 0.77963 0.090625 0.02963
0 0.603385 0.322222 0.039062 0.12037
0 0.407031 0.2375 0.071354 0.049074
0 0.410938 0.500463 0.077083 0.063889
0 0.404948 0.818981 0.041146 0.136111
0 0.318229 0.370833 0.070833 0.063889
0 0.783594 0.522222 0.077604 0.07963
0 0.491927 0.58287 0.044271 0.117593
1 0.327344 0.087963 0.072396 0.038889
1 0.430469 0.164352 0.089063 0.025
1 0.488021 0.393981 0.073958 0.037963
1 0.261198 0.185648 0.073438 0.032407
1 0.54974 0.492593 0.049479 0.107407
1 0.278646 0.306481 0.060417 0.066667
1 0.501563 0.556481 0.028125 0.140741
1 0.411979 0.39537 0.073958 0.037037
