0 0.5375 0.818519 0.03125 0.15
1 0.376823 0.464352 0.072396 0.043519
1 0.408073 0.802778 0.079687 0.064815
0 0.163542 0.810648 0.082292 0.067593
1 0.311198 0.788889 0.083854 0.046296
0 0.200781 0.273148 0.075521 0.068519
1 0.857292 0.162037 0.044792 0.107407
0 0.40599 0.405093 0.044271 0.089815
0 0.434115 0.412037 0.043229 0.094444
0 0.264583 0.335648 0.059375 0.069444
1 0.561458 0.339352 0.078125 0.025
0 0.689583 0.764815 0.06875 0.07963
0 0.309896 0.327778 0.035417 0.114815
0 0.217188 0.543519 0.080208 0.07037
0 0.227083 0.35787 0.077083 0.028704
1 0.359375 0.073611 0.021875 0.121296
1 0.317708 0.119907 0.055208 0.093519
0 0.457552 0.359722 0.056771 0.100926
0 0.472396 0.417593 0.041667 0.081481
