0 0.208854 0.514815 0.029167 0.135185
0 0.623177 0.243519 0.084896 0.042593
0 0.310937 0.381944 0.077083 0.05463
1 0.367448 0.382407 0.059896 0.081481
0 0.517188 0.85787 0.023958 0.110185
0 0.510156 0.54537 0.048438 0.094444
0 0.482552 0.395833 0.048438 0.099074
0 0.26875 0.311574 0.1 0.050926
0 0.508854 0.250926 0.079167 0.02963
0 0.350781 0.740741 0.079687 0.075926
1 0.715625 0.209722 0.04375 0.112037
0 0.611719 0.758796 0.069271 0.102778
1 0.476302 0.491667 0.042188 0.114815
0 0.509635 0.376389 0.028646 0.128704
1 0.51849 0.758796 0.009896 0.134259
1 0.466927 0.335648 0.051562 0.082407
0 0.519792 0.785185 0.044792 0.109259
