0 0.440365 0.802778 0.088021 0.040741
0 0.804948 0.19537 0.038021 0.114815
0 0.428646 0.322685 0.080208 0.047222
0 0.484896 0.204167 0.046875 0.106481
0 0.902083 0.494907 0.048958 0.119444
0 0.74349 0.766667 0.102604 0.07037
0 0.558073 0.874537 0.033854 0.137963
0 0.298698 0.466667 0.080729 0.031481
0 0.773958 0.65463 0.058333 0.107407
1 0.492188 0.1 0.06875 0.053704
1 0.240104 0.255093 0.078125 0.030556
1 0.708594 0.21713 0.035937 0.126852
1 0.442969 0.098148 0.060937 0.057407
1 0.346354 0.414815 0.055208 0.075926
1 0.520833 0.396296 0.045833 0.107407
1 0.353906 0.178704 0.040104 0.109259
1 0.294271 0.414815 0.05625 0.062963
1 0.56849 0.237037 0.068229 0.064815
1 0.339323 0.430556 0.060937 0.044444
