0 0.091146 0.116204 0.083333 0.039815
0 0.246354 0.260648 0.078125 0.050926
0 0.402083 0.293519 0.05625 0.096296
0 0.510417 0.714815 0.063542 0.109259
0 0.445052 0.552778 0.060937 0.098148
0 0.529687 0.332407 0.083333 0.02963
0 0.538542 0.396296 0.044792 0.1
0 0.239844 0.207407 0.030729 0.1
0 0.705208 0.8 0.079167 0.077778
1 0.346094 0.694444 0.086979 0.046296
1 0.567448 0.368519 0.060937 0.048148
1 0.460677 0.365278 0.072396 0.062037
1 0.286458 0.315741 0.069792 0.033333
1 0.243229 0.315278 0.013542 0.093519
1 0.510156 0.501389 0.058854 0.113889
1 0.19974 0.151852 0.021354 0.131481
1 0.286979 0.501852 0.063542 0.103704
1 0.49349 0.32037 0.042188 0.022222
0 0.980469 0.276389 0.036979 0.110185
1 0.286979 0.263889 0.058333 0.022222
