0 0.489844 0.449537 0.022396 0.139815
0 0.39974 0.329167 0.078646 0.039815
0 0.200781 0.327778 0.060937 0.1
0 0.289062 0.370833 0.071875 0.023148
0 0.266146 0.449537 0.071875 0.071296
0 0.194531 0.9 0.028646 0.148148
0 0.636458 0.669907 0.078125 0.071296
0 0.446094 0.256019 0.057812 0.082407
0 0.726042 0.525926 0.057292 0.085185
0 0.14375 0.753704 0.070833 0.096296
1 0.4875 0.268519 0.025 0.122222
1 0.389583 0.713889 0.078125 0.046296
1 0.310937 0.686574 0.073958 0.05463
1 0.528646 0.372222 0.047917 0.111111
1 0.373698 0.264815 0.022396 0.118519
1 0.286198 0.351389 0.076563 0.015741
1 0.317969 0.411111 0.038021 0.098148
1 0.611719 0.403241 0.025521 0.137963
1 0.239062 0.561574 0.041667 0.125
