0 0.314583 0.889352 0.088542 0.032407
0 0.711198 0.843056 0.091146 0.037963
0 0.297135 0.425926 0.079687 0.037037
0 0.727604 0.215278 0.038542 0.123148
0 0.5 0.031944 0.076042 0.043519
0 0.596354 0.603704 0.080208 0.037037
0 0.404427 0.898148 0.083854 0.053704
0 0.552604 0.66713 0.082292 0.05463
0 0.315365 0.468981 0.074479 0.05463
0 0.490885 0.339815 0.075521 0.074074
1 0.358594 0.333796 0.071354 0.039815
1 0.514062 0.240278 0.078125 0.032407
1 0.221354 0.311111 0.048958 0.098148
1 0.372396 0.477315 0.069792 0.056481
1 0.407552 0.218056 0.066146 0.063889
1 0.16276 0.348148 0.072396 0.064815
1 0.370052 0.161574 0.052604 0.080556
1 0.383073 0.390278 0.043229 0.091667
1 0.174219 0.18287 0.072396 0.039815
