0 0.443229 0.250926 0.052083 0.1
0 0.221094 0.547685 0.025521 0.160185
0 0.168229 0.853241 0.028125 0.156481
0 0.382812 0.27963 0.08125 0.031481
0 0.225 0.290278 0.065625 0.039815
0 0.183073 0.222222 0.067187 0.085185
0 0.234635 0.325 0.064062 0.064815
0 0.490625 0.464815 0.063542 0.081481
0 0.664062 0.433796 0.066667 0.093519
0 0.791146 0.463426 0.046875 0.100926
0 0.241146 0.415741 0.085417 0.02963
1 0.460677 0.396759 0.071354 0.047222
1 0.350781 0.708796 0.080729 0.028704
1 0.515365 0.27037 0.016146 0.125926
1 0.484115 0.336111 0.042188 0.092593
1 0.310937 0.325463 0.065625 0.049074
1 0.308594 0.260648 0.054688 0.073148
1 0.278646 0.666204 0.054167 0.110185
1 0.272396 0.277315 0.053125 0.026852
