0 0.286719 0.3625 0.026562 0.136111
0 0.47474 0.078704 0.078646 0.02963
0 0.651302 0.835648 0.091146 0.037963
0 0.211198 0.160185 0.077604 0.062963
0 0.392969 0.722685 0.077604 0.063889
0 0.484635 0.779167 0.064062 0.089815
0 0.557031 0.078704 0.076563 0.068519
0 0.699479 0.647685 0.0375 0.128704
0 0.753125 0.643056 0.067708 0.102778
1 0.591667 0.59213 0.080208 0.043519
1 0.527083 0.775926 0.06875 0.040741
1 0.096615 0.077778 0.072396 0.064815
1 0.34401 0.409259 0.072396 0.053704
1 0.585417 0.675463 0.080208 0.036111
1 0.667448 0.367593 0.069271 0.072222
1 0.574479 0.512963 0.030208 0.124074
1 0.616406 0.524074 0.021354 0.12963
1 0.58724 0.74537 0.018229 0.116667
0 0.530729 0.561111 0.069792 0.051852
