0 0.484635 0.772685 0.017188 0.141667
0 0.849219 0.369444 0.081771 0.042593
0 0.535677 0.506944 0.038021 0.125
0 0.248438 0.442593 0.041667 0.118519
0 0.663281 0.644444 0.060937 0.068519
0 0.64974 0.681019 0.078646 0.04537
0 0.775521 0.627778 0.040625 0.118519
0 0.733073 0.687963 0.077604 0.059259
0 0.4375 0.740278 0.075 0.067593
0 0.494792 0.317593 0.067708 0.062963
1 0.633854 0.111111 0.071875 0.037037
1 0.347396 0.308333 0.066667 0.040741
1 0.546875 0.302778 0.017708 0.12037
1 0.405729 0.318519 0.066667 0.066667
1 0.524479 0.139352 0.05 0.086111
1 0.326302 0.417593 0.036979 0.103704
1 0.322396 0.365278 0.071875 0.026852
1 0.54401 0.116204 0.015104 0.112037
1 0.307031 0.233333 0.065104 0.077778
1 0.670312 0.153704 0.053125 0.081481
