0 0.523698 0.603704 0.008854 0.112963
0 0.229948 0.543056 0.022396 0.134259
0 0.513281 0.587037 0.013021 0.135185
0 0.335417 0.447222 0.082292 0.053704
0 0.303385 0.765741 0.086979 0.02963
0 0.48776 0.497222 0.024479 0.162963
0 0.43724 0.098611 0.081771 0.028704
0 0.519271 0.902778 0.029167 0.148148
0 0.833594 0.0875 0.063021 0.089815
0 0.228906 0.687963 0.076563 0.068519
0 0.259635 0.553704 0.019271 0.135185
0 0.604948 0.931481 0.056771 0.112963
1 0.7875 0.314815 0.052083 0.103704
1 0.395313 0.218519 0.040625 0.096296
1 0.421615 0.781481 0.058854 0.101852
1 0.426302 0.184722 0.069271 0.05463
1 0.254427 0.32963 0.076563 0.031481
1 0.350781 0.808333 0.078646 0.051852
1 0.520052 0.512963 0.036979 0.094444
