0 0.25625 0.34537 0.03125 0.12963
0 0.15651 0.17037 0.050521 0.1
0 0.665885 0.625926 0.089063 0.044444
0 0.36276 0.811111 0.059896 0.094444
0 0.503906 0.113889 0.075521 0.040741
0 0.51276 0.060648 0.053646 0.093519
0 0.659896 0.914815 0.04375 0.133333
0 0.458854 0.572685 0.067708 0.065741
0 0.420573 0.749537 0.058854 0.099074
0 0.660417 0.777778 0.055208 0.107407
1 0.514583 0.731481 0.076042 0.038889
1 0.516927 0.585648 0.076563 0.032407
1 0.560937 0.50787 0.061458 0.076852
1 0.554427 0.566667 0.044271 0.103704
1 0.569531 0.811574 0.116146 0.10463
1 0.544531 0.793519 0.071354 0.07037
1 0.597396 0.835648 0.063542 0.065741
1 0.050521 0.078704 0.079167 0.035185
1 0.39349 0.494907 0.061979 0.082407
1 0.692708 0.422222 0.079167 0.055556
