0 0.566667 0.061574 0.078125 0.028704
0 0.254167 0.434722 0.078125 0.041667
0 0.407292 0.465741 0.075 0.037037
0 0.185677 0.29537 0.060937 0.088889
0 0.349219 0.435185 0.079687 0.033333
0 0.304427 0.700463 0.075521 0.078704
0 0.53125 0.429167 0.052083 0.097222
0 0.440365 0.436574 0.073438 0.087963
0 0.173177 0.132407 0.060937 0.07963
0 0.620313 0.047222 0.048958 0.087037
1 0.403646 0.780093 0.084375 0.028704
1 0.446354 0.358796 0.026042 0.126852
1 0.286458 0.356944 0.073958 0.041667
1 0.550781 0.661111 0.079687 0.048148
1 0.546615 0.504167 0.050521 0.099074
1 0.249219 0.401389 0.066146 0.025
1 0.370052 0.15787 0.075521 0.047222
1 0.165625 0.353241 0.067708 0.060185
