0 0.286458 0.349074 0.079167 0.040741
0 0.458854 0.251852 0.055208 0.098148
0 0.26276 0.435185 0.076563 0.057407
0 0.69401 0.490278 0.077604 0.058333
0 0.491146 0.478241 0.047917 0.115741
0 0.264062 0.647222 0.048958 0.124074
0 0.292708 0.359259 0.067708 0.027778
0 0.754687 0.487963 0.040625 0.105556
0 0.41276 0.307407 0.076563 0.040741
0 0.157031 0.851389 0.070312 0.10463
0 0.214844 0.311111 0.056771 0.1
1 0.388802 0.745833 0.080729 0.032407
1 0.527344 0.344907 0.023438 0.112037
1 0.380469 0.243519 0.050521 0.088889
1 0.53125 0.262963 0.045833 0.094444
1 0.510156 0.381019 0.036979 0.106481
1 0.303646 0.68287 0.071875 0.052778
1 0.320833 0.398611 0.039583 0.102778
1 0.241667 0.535185 0.058333 0.1
