0 0.891667 0.274537 0.030208 0.134259
0 0.526563 0.371759 0.020833 0.130556
0 0.514844 0.719444 0.032813 0.12037
0 0.31276 0.433796 0.077604 0.060185
0 0.240365 0.7 0.077604 0.066667
0 0.186719 0.481944 0.065104 0.097222
0 0.348177 0.733796 0.078646 0.058333
0 0.633854 0.633796 0.059375 0.110185
0 0.50599 0.618056 0.048438 0.117593
0 0.541406 0.176852 0.069271 0.074074
1 0.801302 0.215741 0.020313 0.124074
1 0.467448 0.42037 0.030729 0.118519
1 0.466406 0.233333 0.016146 0.112963
1 0.43099 0.403704 0.069271 0.051852
1 0.417187 0.803704 0.066667 0.062963
1 0.434635 0.778241 0.063021 0.076852
1 0.504427 0.34213 0.015104 0.125
1 0.452604 0.1875 0.014583 0.115741
1 0.36901 0.34537 0.073438 0.042593
1 0.253125 0.51713 0.029167 0.134259
