0 0.357552 0.024074 0.077604 0.040741
0 0.267708 0.755093 0.0875 0.030556
0 0.527083 0.527315 0.08125 0.036111
0 0.339323 0.519907 0.030729 0.125
0 0.243229 0.151852 0.08125 0.033333
0 0.372656 0.506481 0.035937 0.107407
0 0.476823 0.235648 0.071354 0.065741
0 0.551042 0.928704 0.076042 0.087037
0 0.652865 0.869907 0.067187 0.082407
0 0.529427 0.360648 0.053646 0.112037
1 0.430208 0.740741 0.08125 0.031481
1 0.728646 0.112037 0.058333 0.088889
1 0.391406 0.302778 0.074479 0.05
1 0.459115 0.540278 0.075521 0.043519
1 0.344792 0.375463 0.072917 0.026852
1 0.384635 0.171759 0.057812 0.076852
1 0.330208 0.116667 0.070833 0.051852
1 0.163802 0.324537 0.073438 0.056481
1 0.364063 0.781481 0.08125 0.040741
1 0.260156 0.581481 0.030729 0.140741
