0 0.180469 0.8875 0.027604 0.156481
0 0.216406 0.425463 0.083854 0.028704
0 0.452344 0.283333 0.051562 0.103704
0 0.379688 0.343056 0.083333 0.032407
0 0.622656 0.445833 0.078646 0.067593
0 0.509635 0.572222 0.046354 0.122222
0 0.238281 0.542593 0.030729 0.135185
0 0.229427 0.360185 0.022396 0.105556
0 0.194531 0.264352 0.072396 0.069444
1 0.353385 0.722222 0.082812 0.02963
1 0.338802 0.233796 0.024479 0.121296
1 0.515365 0.376852 0.036979 0.122222
1 0.529167 0.258333 0.021875 0.124074
1 0.202344 0.496296 0.053646 0.098148
1 0.292708 0.322222 0.082292 0.040741
1 0.22474 0.300463 0.072396 0.036111
1 0.505208 0.541204 0.04375 0.121296
0 0.778125 0.446759 0.046875 0.10463
1 0.270313 0.687037 0.0625 0.092593
