0 0.522656 0.408333 0.022396 0.140741
0 0.54375 0.751852 0.017708 0.137037
0 0.340104 0.459722 0.085417 0.030556
0 0.163281 0.370833 0.079687 0.062037
0 0.261719 0.8125 0.074479 0.078704
0 0.354948 0.802778 0.082812 0.031481
0 0.596094 0.108333 0.075521 0.055556
0 0.938281 0.348611 0.066146 0.084259
0 0.497135 0.681944 0.045312 0.126852
0 0.688802 0.768056 0.052604 0.121296
1 0.830729 0.300926 0.023958 0.131481
1 0.466406 0.821296 0.075521 0.044444
1 0.454687 0.431944 0.066667 0.047222
1 0.496875 0.243519 0.016667 0.125926
1 0.509115 0.29537 0.019271 0.088889
1 0.396094 0.388889 0.073438 0.037037
1 0.427604 0.8375 0.063542 0.076852
1 0.49375 0.445833 0.032292 0.115741
1 0.238542 0.523148 0.027083 0.144444
