0 0.213802 0.493981 0.028646 0.134259
0 0.657813 0.481019 0.019792 0.139815
0 0.717448 0.625926 0.031771 0.138889
0 0.478385 0.512037 0.076563 0.05
0 0.626563 0.656481 0.086458 0.046296
0 0.484115 0.598611 0.061979 0.078704
0 0.489583 0.463426 0.071875 0.069444
0 0.423958 0.739352 0.086458 0.030556
0 0.701042 0.74537 0.078125 0.083333
0 0.547917 0.820833 0.078125 0.056481
1 0.498698 0.289815 0.028646 0.122222
1 0.334375 0.169444 0.03125 0.116667
1 0.43099 0.115278 0.018229 0.119444
1 0.314063 0.283796 0.069792 0.043519
1 0.676042 0.205556 0.017708 0.122222
1 0.26849 0.258796 0.067187 0.069444
1 0.305469 0.473611 0.075521 0.037963
1 0.383073 0.081481 0.065104 0.061111
1 0.667708 0.300926 0.072917 0.055556
1 0.433333 0.291204 0.026042 0.128704
