0 0.250781 0.540278 0.015104 0.125
0 0.692969 0.281481 0.084896 0.040741
0 0.239323 0.472222 0.016146 0.144444
0 0.297656 0.731481 0.084896 0.048148
0 0.697135 0.496759 0.078646 0.078704
0 0.438802 0.25787 0.083854 0.10463
0 0.50026 0.417593 0.049479 0.105556
0 0.534896 0.905093 0.064583 0.10463
0 0.616667 0.872222 0.075 0.061111
0 0.376042 0.25 0.054167 0.096296
1 0.484375 0.343056 0.071875 0.04537
1 0.471615 0.139352 0.066146 0.071296
1 0.428646 0.386111 0.066667 0.048148
1 0.472656 0.615278 0.071354 0.065741
1 0.214323 0.303241 0.050521 0.106481
1 0.403906 0.744444 0.081771 0.038889
1 0.814063 0.202778 0.057292 0.077778
