0 0.632812 0.223611 0.073958 0.052778
0 0.484635 0.579167 0.024479 0.119444
0 0.253385 0.368981 0.078646 0.037963
0 0.338281 0.692593 0.079687 0.046296
0 0.507292 0.389352 0.054167 0.080556
0 0.532552 0.381481 0.054688 0.074074
0 0.64375 0.168519 0.044792 0.096296
0 0.215885 0.482407 0.021354 0.133333
0 0.33125 0.381944 0.076042 0.056481
0 0.621354 0.802315 0.042708 0.136111
0 0.415625 0.801389 0.058333 0.108333
1 0.467969 0.747222 0.038021 0.127778
1 0.297656 0.305093 0.073438 0.026852
1 0.522656 0.5 0.020313 0.12963
1 0.469531 0.481019 0.036979 0.112037
1 0.504687 0.791204 0.039583 0.125
1 0.477604 0.374074 0.048958 0.085185
1 0.395052 0.388889 0.060937 0.07037
1 0.491927 0.325926 0.035937 0.087037
1 0.777604 0.321296 0.066667 0.072222
