0 0.423177 0.525 0.029687 0.12037
0 0.466927 0.049537 0.054688 0.093519
0 0.638542 0.463889 0.083333 0.042593
0 0.307292 0.50463 0.085417 0.031481
0 0.485417 0.298611 0.08125 0.043519
0 0.591406 0.772222 0.063021 0.105556
0 0.470052 0.855556 0.044271 0.124074
0 0.513281 0.819907 0.038021 0.136111
0 0.364844 0.8 0.071354 0.081481
0 0.55599 0.585185 0.068229 0.07037
1 0.535677 0.490741 0.067187 0.057407
1 0.23776 0.366204 0.046354 0.10463
1 0.490885 0.601852 0.070312 0.061111
1 0.506771 0.429167 0.060417 0.063889
1 0.360417 0.431019 0.064583 0.073148
0 0.264844 0.382407 0.061979 0.075926
1 0.48724 0.506944 0.075521 0.041667
1 0.673177 0.246759 0.079687 0.037963
1 0.230208 0.583796 0.025 0.141667
