0 0.365104 0.438426 0.08125 0.050926
0 0.530208 0.68287 0.01875 0.132407
0 0.942187 0.252315 0.084375 0.043519
0 0.390104 0.815278 0.082292 0.052778
0 0.661979 0.916204 0.040625 0.137963
0 0.334375 0.816667 0.065625 0.094444
0 0.49375 0.475463 0.032292 0.102778
0 0.507292 0.510648 0.014583 0.10463
0 0.53125 0.459259 0.016667 0.162963
0 0.214323 0.364352 0.070312 0.078704
0 0.727083 0.054167 0.054167 0.099074
1 0.561458 0.344444 0.034375 0.107407
1 0.527865 0.345833 0.038021 0.112037
1 0.470833 0.835648 0.06875 0.078704
1 0.864323 0.35 0.030729 0.133333
1 0.235677 0.508333 0.027604 0.140741
1 0.513542 0.897222 0.028125 0.140741
1 0.463281 0.406019 0.065104 0.060185
