0 0.627865 0.727778 0.020313 0.146296
0 0.194792 0.386574 0.079167 0.047222
0 0.502604 0.389815 0.054167 0.074074
0 0.230729 0.342593 0.078125 0.038889
0 0.4625 0.284722 0.054167 0.076852
0 0.184896 0.298148 0.070833 0.068519
0 0.477865 0.335185 0.066146 0.038889
1 0.448437 0.734722 0.08125 0.04537
1 0.264583 0.060648 0.064583 0.062037
1 0.540104 0.404167 0.035417 0.108333
1 0.518229 0.330093 0.05625 0.041667
1 0.348958 0.725 0.078125 0.037037
1 0.255469 0.566204 0.050521 0.123148
0 0.370573 0.349074 0.071354 0.040741
1 0.360938 0.39213 0.070833 0.052778
0 0.747656 0.633796 0.045312 0.115741
1 0.41224 0.153241 0.055729 0.080556
1 0.594531 0.481481 0.073438 0.061111
1 0.29349 0.310648 0.026562 0.125
0 0.189323 0.859722 0.060937 0.137963
