0 0.775781 0.592593 0.025521 0.138889
0 0.501302 0.741204 0.031771 0.139815
0 0.44401 0.290741 0.053646 0.105556
0 0.390885 0.759259 0.084896 0.044444
0 0.651563 0.609259 0.072917 0.057407
0 0.433594 0.485648 0.060937 0.100926
0 0.80599 0.266667 0.071354 0.066667
0 0.638542 0.776852 0.084375 0.07037
0 0.719792 0.604167 0.073958 0.067593
0 0.236719 0.384259 0.069271 0.07037
1 0.504948 0.260648 0.023438 0.113889
1 0.569792 0.080093 0.059375 0.084259
1 0.492969 0.193981 0.055729 0.080556
1 0.30599 0.323611 0.067187 0.05463
1 0.269792 0.367593 0.079167 0.024074
1 0.670312 0.200463 0.075 0.04537
1 0.226042 0.199537 0.057292 0.091667
1 0.313021 0.256481 0.071875 0.051852
1 0.490885 0.121296 0.036979 0.085185
