0 0.541146 0.876852 0.03125 0.144444
0 0.435677 0.426852 0.053646 0.083333
0 0.208854 0.393056 0.08125 0.043519
0 0.539062 0.385185 0.048958 0.111111
0 0.25026 0.321759 0.072396 0.060185
0 0.440625 0.368981 0.053125 0.073148
0 0.480469 0.407407 0.036979 0.075926
0 0.171354 0.824537 0.086458 0.047222
0 0.677604 0.766667 0.023958 0.137037
1 0.860156 0.187963 0.020313 0.124074
1 0.413281 0.804167 0.079687 0.050926
1 0.528385 0.228241 0.076563 0.028704
1 0.279427 0.126389 0.066146 0.060185
1 0.3625 0.082407 0.020833 0.124074
1 0.272396 0.276389 0.064583 0.049074
1 0.33125 0.775 0.080208 0.02963
1 0.521875 0.469444 0.072917 0.068519
1 0.375 0.452315 0.072917 0.041667
1 0.23776 0.552778 0.080729 0.05
1 0.214323 0.265278 0.074479 0.041667
