0 0.632552 0.683796 0.085938 0.032407
0 0.744792 0.628704 0.029167 0.137037
0 0.423698 0.722222 0.085938 0.037037
0 0.541927 0.849537 0.080729 0.050926
0 0.258073 0.490278 0.043229 0.115741
0 0.486719 0.440741 0.074479 0.07037
0 0.471615 0.380556 0.079687 0.025926
0 0.708854 0.719907 0.085417 0.052778
1 0.344271 0.222685 0.034375 0.117593
1 0.660156 0.195833 0.052604 0.089815
1 0.502865 0.108796 0.027604 0.106481
1 0.509375 0.29213 0.03125 0.117593
1 0.317188 0.290278 0.06875 0.05463
1 0.455208 0.137037 0.072917 0.038889
1 0.296875 0.348611 0.075 0.026852
1 0.305729 0.459259 0.059375 0.07963
1 0.755208 0.476852 0.051042 0.12037
0 0.523177 0.542593 0.030729 0.12963
1 0.417708 0.314815 0.033333 0.12037
1 0.692969 0.315278 0.077604 0.030556
