0 0.352344 0.734259 0.085938 0.035185
0 0.75026 0.149537 0.051562 0.099074
0 0.55 0.591667 0.085417 0.05
0 0.608854 0.473148 0.077083 0.05
0 0.429427 0.75787 0.078646 0.060185
0 0.654948 0.171296 0.049479 0.109259
0 0.338021 0.386574 0.070833 0.04537
0 0.721615 0.649074 0.088021 0.040741
0 0.313281 0.342593 0.077604 0.042593
0 0.51224 0.245833 0.068229 0.063889
1 0.53099 0.19537 0.072396 0.031481
1 0.216146 0.238889 0.06875 0.064815
1 0.246354 0.256944 0.048958 0.082407
1 0.196615 0.322222 0.074479 0.040741
1 0.417708 0.201389 0.06875 0.058333
1 0.378125 0.257407 0.072917 0.040741
1 0.418229 0.365741 0.0625 0.064815
1 0.38099 0.400463 0.052604 0.075
1 0.383073 0.131944 0.068229 0.032407
