0 0.66276 0.301389 0.019271 0.121296
0 0.513802 0.340741 0.077604 0.046296
0 0.345573 0.439352 0.042188 0.117593
0 0.511458 0.740741 0.069792 0.090741
0 0.435677 0.54537 0.044271 0.122222
0 0.206771 0.321296 0.059375 0.092593
0 0.229948 0.325463 0.023438 0.106481
0 0.690885 0.687037 0.069271 0.088889
0 0.245052 0.222685 0.060937 0.089815
1 0.272917 0.503241 0.033333 0.132407
1 0.335677 0.742593 0.074479 0.064815
1 0.456771 0.4125 0.05 0.102778
1 0.289583 0.336574 0.06875 0.017593
1 0.288542 0.320833 0.06875 0.025
1 0.196094 0.1625 0.065104 0.069444
1 0.483333 0.52037 0.025 0.12037
1 0.463021 0.552315 0.028125 0.117593
0 0.077604 0.118056 0.078125 0.049074
0 0.438281 0.587037 0.043229 0.112963
