0 0.401823 0.861111 0.082812 0.027778
0 0.584896 0.15463 0.08125 0.05
0 0.215365 0.198148 0.081771 0.038889
0 0.619531 0.915741 0.086979 0.051852
0 0.378125 0.046296 0.079167 0.053704
0 0.506771 0.576389 0.048958 0.100926
0 0.43151 0.804167 0.065104 0.091667
0 0.72526 0.814815 0.084896 0.038889
0 0.745313 0.741204 0.048958 0.113889
0 0.267969 0.39537 0.052604 0.101852
1 0.220312 0.382407 0.026042 0.125926
1 0.564844 0.362037 0.078646 0.025926
1 0.266406 0.467593 0.043229 0.1
1 0.119531 0.1125 0.045312 0.110185
1 0.563021 0.689352 0.05625 0.084259
1 0.576042 0.880093 0.015625 0.147222
1 0.574219 0.485185 0.016146 0.124074
1 0.605208 0.581019 0.071875 0.043519
1 0.545312 0.615741 0.05 0.087037
1 0.554167 0.474074 0.015625 0.127778
