0 0.236979 0.424537 0.01875 0.126852
0 0.53776 0.727315 0.017188 0.143519
0 0.296094 0.662963 0.079687 0.046296
0 0.567969 0.525463 0.036979 0.126852
0 0.370833 0.325463 0.082292 0.032407
0 0.832031 0.186111 0.041146 0.124074
0 0.525781 0.15 0.076563 0.031481
0 0.363802 0.704167 0.082812 0.036111
0 0.552083 0.871759 0.040625 0.130556
0 0.257292 0.471759 0.020833 0.126852
1 0.52474 0.470833 0.028646 0.121296
1 0.554427 0.357407 0.069271 0.05
1 0.361979 0.286574 0.077083 0.034259
1 0.434635 0.169907 0.044271 0.106481
1 0.496875 0.455093 0.0375 0.123148
0 0.510938 0.363426 0.036458 0.130556
1 0.474219 0.704167 0.058854 0.110185
1 0.408854 0.717593 0.077083 0.061111
1 0.745833 0.244444 0.020833 0.131481
1 0.502865 0.141204 0.051562 0.084259
