0 0.51849 0.866204 0.024479 0.14537
0 0.786198 0.042593 0.073438 0.061111
0 0.41276 0.800926 0.088021 0.053704
0 0.655208 0.223148 0.042708 0.109259
0 0.786198 0.321759 0.072396 0.071296
0 0.482552 0.599537 0.073438 0.076852
0 0.540104 0.278704 0.039583 0.101852
0 0.360417 0.400926 0.077083 0.033333
0 0.845313 0.559259 0.065625 0.092593
1 0.333594 0.356481 0.068229 0.037037
1 0.447135 0.420833 0.073438 0.05463
1 0.305469 0.247685 0.075521 0.030556
1 0.713802 0.166667 0.039062 0.109259
1 0.542448 0.45787 0.048438 0.100926
1 0.378125 0.348148 0.067708 0.057407
1 0.204167 0.164815 0.059375 0.077778
0 0.528646 0.530556 0.069792 0.112963
1 0.510417 0.211574 0.057292 0.078704
1 0.461458 0.166667 0.065625 0.05
