0 0.34401 0.936111 0.089063 0.033333
0 0.491667 0.584259 0.053125 0.103704
0 0.338802 0.422222 0.074479 0.040741
0 0.591927 0.256944 0.076563 0.062037
0 0.784635 0.480093 0.080729 0.058333
0 0.775521 0.078241 0.04375 0.10463
0 0.446354 0.359259 0.069792 0.048148
0 0.433333 0.850463 0.044792 0.126852
0 0.44401 0.618519 0.070312 0.081481
0 0.750521 0.278704 0.057292 0.092593
1 0.459375 0.192593 0.06875 0.02963
1 0.277604 0.232407 0.073958 0.033333
1 0.26901 0.056481 0.045312 0.105556
1 0.503906 0.483796 0.049479 0.091667
1 0.325521 0.385648 0.061458 0.037963
1 0.485156 0.241204 0.068229 0.062037
1 0.34401 0.360185 0.063021 0.062963
1 0.511458 0.546296 0.038542 0.085185
1 0.607031 0.14537 0.066146 0.087037
1 0.429167 0.412037 0.070833 0.046296
