0 0.544792 0.384722 0.01875 0.134259
0 0.521615 0.367593 0.018229 0.131481
0 0.235417 0.315741 0.077083 0.042593
0 0.185156 0.73287 0.088021 0.037963
0 0.316927 0.310185 0.079687 0.059259
0 0.532552 0.40463 0.013021 0.12963
0 0.659896 0.748611 0.038542 0.123148
0 0.507031 0.778704 0.063021 0.105556
0 0.257552 0.184259 0.067187 0.074074
1 0.408073 0.74213 0.079687 0.043519
1 0.309115 0.698611 0.080729 0.036111
1 0.823958 0.219907 0.058333 0.084259
1 0.536198 0.12037 0.073438 0.042593
1 0.234375 0.502315 0.08125 0.052778
1 0.385417 0.392593 0.069792 0.048148
1 0.317188 0.093056 0.067708 0.058333
1 0.38151 0.099074 0.063021 0.07037
1 0.477083 0.420833 0.046875 0.09537
0 0.440625 0.383796 0.016667 0.128704
1 0.221875 0.26713 0.058333 0.082407
