0 0.224219 0.903241 0.029687 0.143519
0 0.534375 0.437963 0.036458 0.122222
0 0.223958 0.315741 0.061458 0.094444
0 0.471354 0.255093 0.061458 0.087963
0 0.672917 0.607407 0.078125 0.07037
0 0.194531 0.810648 0.058854 0.113889
0 0.423698 0.322685 0.076563 0.037963
0 0.289323 0.455093 0.075521 0.05463
0 0.308854 0.353704 0.079167 0.035185
0 0.752083 0.5125 0.05625 0.087963
1 0.542708 0.254167 0.023958 0.121296
1 0.435677 0.691667 0.074479 0.062963
1 0.547917 0.359259 0.014583 0.124074
1 0.529167 0.368056 0.03125 0.106481
1 0.390365 0.251852 0.031771 0.114815
1 0.344271 0.655556 0.067708 0.072222
1 0.339583 0.397222 0.033333 0.107407
1 0.274479 0.57963 0.03125 0.138889
